-207.82823998878652
-206.7981841940891
-209.8380266266484
-201.66544120158238
-202.45760247949536
-201.6654412015823
-209.41319073802487
-207.44472740029696
-201.66544120158255
292.34150529182494
294.4244712113275
-202.7838436586618
-210.3492755882511
-211.4614291044414
-201.07497037281237
-205.20238576703397
-201.9622043062373
-210.4356832153621
-210.55949941142603
294.8602604878225
-205.60431371075987
-207.23446717046218
-210.84838111285512
-205.38035319297302
-201.96220430623785
-217.330515789627
-209.33590312258238
-204.44107272720782
-210.42152578519188
-209.81883308446578
-210.91940101819856
-201.6654412015825
-205.38748302319686
-208.89395430571687
-201.9622043062374
-204.11598977976283
-208.71290675359094
-202.78384365866157
-202.15813815567677
-201.07497037281206
-202.7838436586622
-210.22842515342023
-209.26460050780946
-201.6654412015824
-209.29282266777977
-212.50715428661027
-210.54876793128088
-210.18151141832075
296.0464056335915
-209.042673073911
-211.25197571532493
-208.174545196494
-209.99049449073425
-201.0749703728121
-208.98884108589735
296.1455483270308
-207.73748606720858
-209.85381831608467
-211.68918857508217
-210.63007126793434
-209.01796900012826
-210.4409737355276
-209.29343984918208
-201.6654412015823
-209.37124469805184
295.7754586218158
-209.33462395011477
-204.44107272720646
-209.40679130657327
-210.92149972948036
-210.9214997294795
295.32446746174224
-210.93921748248349
-210.30414942660218
-209.73882041675853
-201.9622043062382
-212.4904404030045
295.99934376802213
296.09828249578266
295.29697045228215
-211.28077932004499
-210.93921748249028
-207.59965757769044
-209.35839633858143
-208.31480990399612
-207.98999348874244
-208.65118147693366
294.4627461841338
-210.09443352473363
-206.4416937081467
-210.09616497918404
-210.07553166698438
-207.0267264935469
-209.75053234892067
-212.35357934975036
-207.56049481135432
-211.04747610962778
-201.66544120158247
-203.4802077976445
-201.66544120158235
295.8152710956745
-201.6654412015825
-201.66544120158238
-201.6654412015825
-204.76389035603822
-203.4864442852214
-201.6654412015823
-201.6654412015823
-201.6654412015823
-202.31559517664556
-201.6654412015822
-208.65118147693303
-212.28272477122064
-207.52394407747312
-209.19667300845228
-214.44044228112418
-206.22691079598695
-210.23699758247545
-213.47678994032773
294.1773346370916
-210.4877043969455
294.57896152668735
-208.48993825527796
-207.94620930820176
-213.95465378740704
-209.91379287000612
-209.9370577156417
294.2620494811227
-210.90539227154687
295.7025789525824
-218.28583189946718
-205.87247501955775
-202.9839271015204
-207.65000408077336
-206.93435167754092
294.56627136125053
294.2163527626151
-201.9622043062383
295.09532483515585
-219.1054460963442
-208.92019581318638
-212.54012384348437
-205.17804142032907
293.79920051016575
-208.11676785770925
293.3467677125181
-202.85666542419796
-211.9658798225932
-206.96638894705657
291.415076875223
-206.9663889470567
-251.90583404398515
-220.59185525338023
-209.45504476951595
-234.86033980580734
-202.1581381556767
-207.0392806693071
-202.15813815567586
-216.41768722292588
-225.50677869748287
-209.52591230327573
-223.3760361939451
283.23348687747296
295.9993437680216
291.4770775919354
292.4138302161498
-217.5340934732911
-245.24724257095136
-215.58402820163872
-205.39790743999168
-217.68205690560723
-206.89917876711093
-203.27267387350372
-208.0823448174088
-218.34981818017323
293.3640723958309
295.9993437680213
295.9993437680211
-227.72604461011048
-242.50926625164698
-254.935210382632
-209.0630606638814
-209.0366927777371
271.117521484944
-317.1626681058091
295.0953248351537
-206.96638894705538
-208.80429452668938
-217.26126329805524
-228.54391463668975
-243.08134381903278
-204.7680326566779
-206.8942830200113
293.6184190095333
-253.24499338579693
-206.8576440894324
295.59371128794606
-256.1384710832025
293.4803364049951
-230.97314901443747
-206.8576440894332
-315.02296883013696
-206.78504096900284
-238.42397977969506
-217.30504710449327
-220.82910857333258
-239.15890676723495
-140.1178843121426
-210.67558210840824
-238.14968814711347
-147.2999261525281
295.9993437680214
265.75142679960936
292.72952062543544
-218.80003843840947
-221.93533449041638
262.3185053093878
279.44684914192385
-208.72366918172384
293.3640723958275
-206.96638894705617
-256.7072807679971
-225.95219486493437
-206.2269107959898
-241.9452200011735
-221.52896704924177
292.2072110104965
-207.74317324943505
-214.93802539195116
-270.87557842080616
285.7415652260088
278.86687328158825
-205.8724750195608
283.15454499208533
295.99934376802054
-207.5452647855238
-281.32280153657615
-276.5287644708104
-206.78504096899923
294.7428199248114
293.43761957062935
-247.64517206542166
-209.84888232871458
-207.02662425479943
-294.00512946730805
231.88178935578816
-209.84888232871293
-209.84888232871342
295.38645243960065
-212.69529583992147
-224.64344697493462
-207.12355744673107
-293.32937001645297
287.0468569488587
-220.57576103974526
293.342697156122
-210.80152629129336
293.36407239582866
295.99934376802105
-318.42234393221287
-229.84637929115615
-206.785040969002
-207.0266242548045
-216.0581346141367
-322.32328339012025
252.45075694995614
-206.22691079599153
-206.47497701417717
-207.026624254802
-215.01419800344127
-234.13741275818307
-210.82760609781857
-214.65300041647885
-290.8106122764417
216.68552855870848
293.43761957062725
-207.02662425480287
-207.5452647855289
-225.99953482866698
-207.54526478552984
-209.03669277773994
296.04640563358936
293.364072395824
296.10297388477744
-217.37804636907114
-207.7002721590789
-211.1178961798753
-222.4207866046739
-253.10576186230966
285.39316844538644
-275.7884928876267
-207.54526478552702
291.9613096559364
-218.8649792399328
-210.5139805580145
264.893452952459
291.6335283691252
290.8886907164872
287.9561321432398
290.9234248004323
290.97588234556343
292.4138302161484
290.975882345562
292.41383021614456
290.97588234556076
292.41383021615
292.4138302161426
290.0267348450201
292.41383021614894
-211.22730856836841
290.9758823455638
-210.52652161016488
291.96130965593665
282.0094691962755
-201.07497037281215
292.4138302161457
-210.05809281005494
292.01072223780244
291.5688769756347
-209.05387187004254
282.3432885626835
-208.97314412868963
292.41383021614956
-209.0538718700334
292.4138302161468
-209.05387187004072
292.01072223780795
-203.11669653042327
-208.5713392406508
291.9613096559406
290.8199065863205
-201.07497037281243
-208.63769612080512
292.41383021614615
-208.9731441286826
291.4883952942485
-209.39174793683296
-208.00554927827108
-208.8206526237338
292.2220288520417
-209.82317762824061
292.1815372695966
291.0993796664138
-213.5990269273992
291.405849240498
290.5631082952044
-208.27905612021738
290.6603997786366
-209.39174793681846
-208.1751547881177
292.1952870212432
291.4969581314821
-212.73683905498768
289.8043313733755
289.79332684974986
-209.24522821129085
292.1711734991673
291.61215745818185
-210.95157224376433
292.2101077241839
291.2993918482772
-210.69401644941865
287.73320865487705
288.5361200645586
-213.97165988564765
-208.24230774050895
290.94631929630856
290.9463192963032
290.79228372409176
-201.07497037281226
-231.90064971758034
290.9463192963047
290.82146879982736
291.86715081636066
290.63860557954723
289.7789894681545
288.86299748253174
290.36496760086754
290.93946219375295
-208.94748127931305
-208.51264125466037
290.94631929630305
291.86715081637675
290.82146879982935
269.86920392981943
-202.15813815567694
-217.45331659348085
291.2589716527653
-201.07497037281206
277.42610222508523
290.66566426398833
291.556493171476
290.9394621937485
291.93001691704285
291.29070555237286
291.2907055523728
-209.8510016101849
292.21010772418595
291.3380150842692
-210.98930259768335
292.3436976885159
291.29070555237575
-208.94748127931595
289.8758892883279
292.17112208621415
-209.11969878247947
292.2101077241857
-208.62677565899227
293.1936845943926
292.49658309388434
-213.85207923596383
-208.94748127930936
293.34676771251316
292.5037037456079
-209.29464837701934
292.2101077241841
-201.07497037281246
292.2101077241815
-209.29464837701792
292.2101077241815
292.72952062542765
292.4965830938896
-209.19346606689805
293.57911670459066
-207.5273024674087
292.88127279092964
291.041858452108
-207.5544534256403
292.2101077241787
291.80885733031937
291.7309309078098
-202.15813815567705
293.5758237301149
-208.75061534125905
-211.74460387008153
292.21010772417594
-208.82626864769674
292.2101077241841
-209.29464837702085
293.0271228288961
-210.43458509805725
292.21010772417986
-209.2946483770211
292.210107724178
261.9743444658756
-208.65384172982704
292.2101077241766
-209.29464837702272
-202.78384365866464
293.57582373011655
-209.29464837702383
292.72952062542555
-211.0383606772525
293.5758237301122
-210.95759234417014
292.7045613431901
291.0600112586364
-208.62153887862345
-219.78413290971866
292.70456134318346
-208.29245283521604
291.6501736229293
-212.09600268426973
292.21010772417424
-209.2946483770334
293.3640723958213
-209.2946483770287
292.17117349916174
-212.0960026843012
293.3640723958196
-210.1681033027386
293.5758237301156
-209.2946483770113
293.36407239582235
-209.29464837701988
292.70456134318846
-209.34092646310705
-207.80191328598136
291.65017362292986
-209.29464837701713
293.36407239581894
-208.61193381216975
-209.96899170997762
293.5758237301145
-209.2946483770261
-207.9543015434595
-207.40583686723215
293.57582373011553
292.280079679499
-209.29464837702037
292.6029695121985
-209.29464837702986
-207.1668666039921
293.57582373011167
-209.294648377028
293.3927381054738
-209.2946483770143
293.26233078339067
291.39363306824254
282.6731178057586
-211.11292388792478
293.5758237301135
292.9566898946051
292.7489082289857
292.9566898946064
-208.5439021901216
293.43761957061656
293.79920051015046
292.71845940226285
-208.54390219012097
293.79920051015034
-208.54390219012996
293.9937294590898
-208.80460710513205
293.79920051014824
-209.49908315566086
293.7992005101485
-208.54390219012973
-207.0837421987146
293.79920051015023
-208.25061454977057
293.25450534432736
-217.91142156295757
293.79920051014653
293.7992005101481
-202.15813815567785
293.43761957061474
284.27291287089633
256.4644052151557
-208.5439021901208
292.34587931291486
294.0137157387994
-208.80460710511687
-235.8051627995506
-207.49294018915813
278.59111654362
-201.07497037281246
294.2183777785028
-208.54390219014374
-207.63260103528444
293.7992005101464
-201.0749703728127
293.4376195706151
-208.50359147828644
294.24965116612145
-208.54390219013126
-210.93106493763122
294.26209215583134
293.00051328205325
293.0221995832643
293.0194219493878
293.0194219493914
293.0275556054601
-266.8165374407516
293.61841900951515
293.0533978514844
-206.953218890533
294.26204948111337
-207.22630229144355
-207.16820454480262
294.2620494811138
293.02219958326174
-209.499083155662
-207.0392806693244
294.2620494811115
293.019421949392
293.0194219493916
-202.15813815567722
294.22353274695985
293.9834434215187
293.019421949393
292.84480513659094
-206.71287820530202
-205.87247501956995
294.61886072518826
294.654748935404
293.06261875297344
293.06261875296906
294.63030469324866
293.02755560546115
293.86587676490836
-208.9302719125301
281.46290719419267
293.0275556054597
293.9834434215173
293.0275556054578
293.2840486290069
292.8448051366049
293.01942194939494
293.01942194939005
293.0194219493878
293.01942194938835
292.5811817565074
293.01942194938596
-206.31791860873022
-206.31791860873238
294.26204948111047
293.01942194939124
-201.07497037281252
296.1455483270261
293.019421949391
293.01942194938965
294.26204948110865
293.0194219493828
293.86587676491536
293.0194219493922
294.26204948111155
-202.15813815567768
293.01942194938516
-209.49908315565455
-201.07497037281271
294.2620494811091
293.0194219493936
293.0194219493912
292.80245258138564
293.0194219493875
284.35402621789564
-202.15813815567842
293.97566756018006
293.01942194938937
292.83318815821673
293.019421949393
293.2840486290032
293.28404862900373
293.0194219493853
293.0194219493925
293.0194219493889
293.01942194939164
293.01942194939056
293.019421949383
293.0194219493904
-209.24806007037054
-202.98392710152288
268.1897743827384
-218.3332022833465
294.26204948111007
293.0194219493911
293.0194219493956
293.01942194939113
293.2715547361855
-201.0749703728124
294.26204948110984
-206.31791860873045
294.2620494811101
292.3228527243058
293.0194219493916
293.06261875297287
-208.18413871341463
-206.2269107960043
294.2620494811103
293.0005132820495
293.01942194939176
293.01942194939215
293.01942194939113
293.0626187529746
293.8658767649123
-206.22691079599974
294.2620494811071
293.019421949396
-201.07497037281212
294.26204948111086
293.02755560546484
293.01942194938374
-221.90413745247946
294.2620494811096
293.0194219493959
-209.4990831556642
294.2602440774213
293.01942194939386
293.0194219493925
-209.71257954162942
294.2620494811091
-230.89054193684242
294.22353274695786
293.27155473618564
293.01942194939176
293.01942194939465
-202.15813815567725
294.2620494811101
293.0194219493929
294.53824987757247
293.0194219493943
-209.49908315566216
-209.99474759144923
294.26204948110967
-209.4990831556615
-205.8724750195704
293.0665975434587
293.01942194939465
-206.95321889053585
294.2620494811095
293.019421949391
-208.45486640884266
294.21837777850095
-209.49908315565528
-206.55567971007906
-207.22741895444491
294.26204948110905
-209.49908315566253
294.74281992479695
-209.4990831556596
-308.9256318537419
294.26204948110967
-209.49908315566256
294.26204948110825
-203.2726738735052
294.22353274695644
-209.49908315565528
-280.9671022229364
294.2620494811087
-209.49908315565816
294.4410930519921
-210.35619768546212
-255.09933293742188
294.2620494811093
-209.49908315567072
294.2620494811092
-208.66478407103833
-207.03928066933074
294.26204948110944
-209.49908315566032
294.2620494811071
-208.5928818997675
-206.22691079600673
-233.31520374217388
284.67522165004084
-209.49908315566617
-209.83886750021566
-209.49908315566262
294.26204948110893
-209.4990831556622
294.2620494811067
291.1750625646198
-209.4990831556609
294.2235327469564
-209.499083155666
294.2620494811058
-209.4990831556641
294.2620494811058
-209.49908315565827
-205.8724750195727
-210.06927554143078
294.2620494811071
-209.49908315566262
-206.22691079600307
294.262049481105
-209.49908315566523
294.26204948110706
-213.18406797587252
294.47302316044187
-209.4990831556596
294.26204948110865
-208.45486640884337
294.26204948110797
-209.49908315566216
256.2536664499917
-209.49908315565904
294.2620494811075
-209.49908315566088
-213.47720008036583
-219.9662658439102
-213.5497495238749
-217.53943807200255
-222.70146159138875
226.52961440031498
-208.66478407103625
247.82505877007256
-209.49908315566054
-271.3212445300079
275.94161538609825
-209.49908315566776
283.7592483193339
-209.4990831556687
293.4195209264578
-208.66478407103125
-209.8181774719827
293.43761957061025
-211.2904326793915
-210.4702612917271
292.4966588319879
-209.4990831556674
-234.4294880364378
-219.0766311946396
277.69042795205786
-209.4990831556604
-250.51642064140634
-263.67723469701195
282.7158568397383
-209.49908315566165
-206.31791860873486
293.10571697996676
-209.4990831556622
293.4376195706071
-209.49908315566853
294.26204948110666
-215.7441216874588
-208.77347267076468
-214.3045535987245
281.23871673808964
-201.0749703728128
-207.02662425482063
-213.17512899660534
-209.81817747199028
-207.02662425482208
287.33399323552584
-209.49908315565867
-241.02254306172773
267.99733613969596
283.8489104316075
-209.49908315565762
265.6143866956146
291.49213003330163
-209.49908315565762
-206.50620228866504
293.36407239580285
-209.49908315566248
292.7295206254056
-209.49908315565875
292.4712680615995
-209.49908315566614
-214.04587395785808
-206.31791860873457
293.43761957060707
291.489269598275
291.2318848367346
291.48926959826866
291.4844666022538
-209.49908315566285
-218.26527182885167
-219.31502874813887
-207.03928066933565
-207.8842326805584
-210.8276060978346
-280.465625673585
-207.02662425482052
293.8236071711961
-202.15813815567785
275.640549357725
-212.13192630858816
293.79920051013806
291.4844666022544
291.1855106625983
291.4844666022571
-208.75191662887156
292.49665883198463
-215.70115803090883
293.4376195706043
293.0626187529636
-201.07497037281243
293.4376195706062
291.1855106626055
293.8658767649071
-209.49908315565807
226.44015435706365
290.8214247063512
-209.499083155669
293.43761957060593
291.39431660687427
290.8807714031109
291.1855106625939
-212.12788832507752
293.43761957060514
-201.07497037281297
-208.91024854557696
293.43761957060417
291.2305683484467
291.3893111471258
291.185510662601
278.4794337086913
291.1855106625995
269.2587873789397
-209.4990831556694
-232.34183990842808
293.43761957060343
291.3893111471381
-208.00197975485992
293.4376195706038
291.1492450759746
-206.3179186087394
293.57582373009546
291.3893111471409
233.76748229635143
-212.12788832507772
294.7428199247888
291.0600112586235
-209.49908315566003
293.43761957060264
-208.5928818997627
293.5758237300953
291.389311147132
-207.20429008970416
293.43761957060474
-208.59288189976337
293.4376195706014
272.7569260100339
-209.10204161042284
293.5758237300925
-209.13131120179733
292.17117349913264
290.93013217196597
291.97713479930206
-201.0749703728126
293.43761957060224
291.39363306822435
-230.07564737583647
293.41952092645
291.18551066260653
290.32858299646057
-209.49908315566412
293.437619570601
-202.1581381556778
293.5758237300915
-214.55396990798928
-206.08603002889984
-207.1668666040158
237.9613183485628
291.1855106625934
290.8702227084112
291.18551066259795
-208.59288189976908
-219.78078834503378
273.13539722763795
-209.4990831556659
293.43761957060246
291.18551066259766
293.00051328204876
-208.66478407103475
293.7992005101287
-209.49908315565915
293.57582373009103
-209.4990831556654
293.79920051013056
-209.49908315566225
293.7992005101318
-238.33889542323087
293.43761957060144
-201.0749703728128
293.98238817779037
-209.49908315566753
-207.04088882363317
293.55940599776056
290.06045232729844
-206.31791860874011
293.5758237300907
-206.31791860874065
293.57582373009006
-209.49908315566898
293.9823881777903
-211.7365205354736
293.5758237300906
-206.31791860873923
293.9823881777899
293.0005132820428
-209.4990831556681
293.5594059977593
-209.49908315566614
293.9823881777877
-220.22688553545606
293.9823881777883
-208.59288189977067
293.5758237300922
-209.49908315566574
292.8294193005291
289.10644324663025
-209.49908315566225
291.2229445420312
291.18551066259266
-209.4990831556616
293.57582373009166
-209.49908315566435
294.7428199247864
-209.49908315566586
294.7428199247853
-209.49908315566987
-208.1246139453861
-206.4250517991789
-207.20429008970626
293.98238817778775
-209.49908315566304
293.982388177787
-209.74529574373412
293.98238817778764
-220.3249469819051
-209.4990831556706
294.1602407455642
-209.4990831556684
-207.03928066934188
292.2757791753781
-209.4990831556686
293.98238817778895
290.3285829964423
-212.6628598960953
293.5758237300888
-209.49908315566904
294.74281992478603
-209.49908315566563
293.98238817778895
-209.4990831556661
293.9823881777874
-209.499083155667
293.98238817778497
-209.4990831556612
293.9823881777872
-209.49908315566483
295.775458621803
293.98238817778554
-209.49908315566327
-207.51354729408047
293.9823881777865
291.18551066258874
-209.499083155666
-207.36626153132775
293.9823881777865
291.19516580129294
-207.55881042570368
-209.229496865031
293.9823881777881
-212.66285989611325
294.20199773607214
-216.0694645488326
-207.03928066934188
293.9823881777857
291.18551066257834
290.87022270840316
-203.2726738735062
-206.53974153620152
293.9823881777874
291.1855106625889
291.1855106625796
-203.27267387350693
293.98238817778764
-202.15813815567887
-208.17819071761795
-209.10774894002142
293.9823881777837
291.1855106625917
291.18551066259647
-209.49908315566574
293.9823881777863
291.22827577925284
-201.07497037281323
293.98238817778633
-215.2056985159283
294.2496511661077
293.98238817778605
291.4921300332896
292.49814279674854
293.98238817778525
-208.52173697184696
293.5758237300893
-299.08545039360195
294.26204948109506
293.98238817778446
-212.1278883250946
293.5758237300873
293.57582373008825
293.9823881777865
-212.12788832509506
293.9823881777855
291.2305683484255
-206.31791860874077
293.98238817778383
-202.15813815567927
295.4803033465143
294.2620494810966
293.98238817778343
291.18551066258834
293.0005132820408
293.9823881777838
-232.07786249132351
-208.9540717657278
-206.3179186087432
295.77545862180244
-204.056727673851
-208.12461394538877
284.85914698696814
293.9823881777837
-203.27267387350855
293.82084705359784
-208.1246139453937
-208.12461394539113
-210.00130748011102
-237.27667928545588
-208.12461394538494
-208.17819071761997
-208.12461394538477
-212.12788832508937
291.3899576873438
293.9823881777831
-212.12788832508855
293.9823881777826
-203.27267387350687
-208.1246139453933
293.9823881777831
-203.27267387350793
293.9823881777822
-211.78119664401152
293.7992005101248
290.84760689222304
293.982388177785
-212.1020083991272
-208.1246139453879
-207.278394886598
280.89619998055497
-206.28066151792083
-208.12461394539315
293.9823881777838
-206.35881843679843
292.8052585019985
-206.63100414810557
293.98238817778156
-208.9248722098699
-207.48299376871063
-208.14359096323506
-206.6172627175421
294.2019977360685
-208.12461394539065
293.9823881777804
293.9823881777819
-208.12461394539162
271.92339241290483
296.04640563357987
293.98238817777775
294.218377778482
293.9937294590661
293.9937294590659
294.218377778483
282.6858610112056
294.2183777784836
194.86769329126446
-207.6774955368408
293.9823881777828
294.20199773606845
293.43761957058916
293.7992005101215
291.09009210685787
294.21837777848094
294.21837777848395
294.21837777848134
294.20199773606856
294.2183777784828
294.7428199247831
-212.00130215015395
294.2183777784824
294.218377778479
294.2183777784815
294.2183777784825
294.21837777848225
294.2183777784801
294.2183777784806
294.21837777848214
294.20199773606817
294.01371573877776
281.6269423024201
294.20199773606714
294.20199773606794
294.21837777848407
-229.26314347525914
293.7388703209869
294.01371573877964
294.2183777784821
294.21837777848197
294.21837777848236
-207.40583686725682
289.7757522711306
-207.40583686725643
-212.12788832508951
-202.78384365867
291.2468470824969
294.2183777784823
294.21837777848214
293.73887032098827
281.16089263012174
294.23976837825035
293.99372945906396
294.2397683782484
293.4376195705897
-208.12461394539727
294.21837777848174
294.21837777848054
294.21837777848054
294.2183777784806
294.2183777784816
294.2183777784811
294.21837777848214
294.2183777784812
294.21837777848197
294.21837777848066
293.4376195705917
295.7754586218005
294.2183777784833
294.2183777784808
294.7428199247792
293.8236071711779
294.2183777784808
293.4376195705895
294.2183777784789
294.2183777784792
294.21837777848157
294.2183777784827
294.7428199247784
285.81957985364295
294.2183777784819
280.3584452013781
294.2183777784831
294.2183777784803
294.2019977360677
294.2183777784796
