-209.30881512996254
-210.19491094229602
-209.5727242807219
-204.7638903560383
-209.72292418564388
-207.53003453242817
-201.0749703728116
-211.89747332080952
-202.7838436586621
-214.10757365517316
-208.36514726696294
-201.66544120158247
-209.76044463958885
-202.45760247949553
-201.6654412015826
-210.48465039737266
295.47944810539263
-206.8802753692871
-203.84776880187087
-201.07497037281234
292.68574859039137
291.66593068763444
-207.94026067327434
-203.30008423898263
294.8161143952091
-202.45760247949548
-209.57685680552936
295.0451040672291
-205.28504465972588
-201.0749703728119
293.93068820655105
-201.6654412015825
-201.6654412015821
-203.80224781357998
-203.47644950226407
-201.6654412015824
-201.6654412015824
-209.87945026413996
295.52593580816904
293.1140562412705
-209.8452181179918
-209.48298423957854
-201.0749703728123
293.5247777105936
-205.12717016815952
-201.66544120158224
-201.66544120158238
-210.44280170883772
293.55483287920777
-203.47644950226385
-215.80297889378
-210.91838298183097
296.1455483270302
-203.85445167296976
-204.77006939294677
-208.90817866127935
-203.62505578810536
-208.87490583474542
295.8904205235822
-203.62505578810436
-209.93256455332636
-210.0716032100966
-209.24313486518673
-210.70442227370435
-211.11942019759763
-210.70442227370083
-210.86843542897384
-206.2343017723491
-209.57796921408453
-201.66544120158244
-202.15813815567722
-201.6654412015824
-209.96650023849128
-209.9506689814151
-209.95066898142198
-208.65118147693224
-209.4132147629349
-201.66544120158247
-208.95821302297634
-201.07497037281217
-210.52743088161316
-209.32912709689487
-205.7704290319739
-210.51742975305865
-209.56182590928884
-209.44135296636523
-206.1413032829156
-205.17804142032844
295.84495994523206
-207.26434486036229
-210.3016389238741
-204.4410727272041
-203.2726738735032
-209.39107720028161
-209.04816675027158
-211.33524621246335
-209.3291270968934
-205.20238576703665
-212.37174633035377
-206.69964033651488
-201.66544120158235
-210.02929983705764
-210.55230083561707
-208.6511814769344
-209.5810055613826
-207.89557536232212
-209.3291270968994
-201.6654412015823
-205.45432605348978
-203.01804981309493
-201.6654412015822
-203.4864442852215
-201.66544120158238
-201.6654412015822
-201.66544120158235
-206.51134190206247
-208.52617649262567
-208.46235061783972
294.26209215584413
-210.0903074477293
-218.91418069321458
-209.0268775448629
-209.12807710763218
295.52870028536745
290.6322776354424
290.92342480044164
292.4324367026002
-208.91726418222817
-211.86488321570098
-201.66544120158227
-208.1468336762278
-210.87868491013882
290.69003375539324
-214.50035354292734
-201.07497037281212
-213.64390776995336
291.4878561116728
-209.07657519955444
288.4082513498119
289.4444065790257
-212.63005217816408
-219.55250472577154
-205.84143849653168
-210.2898832652732
295.9993437680213
-202.1581381556759
-209.13977784279854
293.57582373012866
-221.27889433843808
-228.62076770564
-214.22256553371963
-209.32912709689546
-208.81038015382913
-207.29712295423633
289.1323474238129
293.8346596076369
295.8974225736296
292.874402814987
-208.94734535137422
-203.71327105515957
-205.25784066195396
-247.03958235544872
-211.28746636520728
295.38645243960036
293.1057169799895
293.43761957062765
-214.85002245942076
-207.02662425479983
-225.585063708622
293.4195209264798
294.2620494811257
-210.4519175339525
-244.8935428771589
293.3927381054871
-208.17685339999124
-203.75981616652186
293.1057169799875
282.480649306783
-233.81928477838426
295.38645243960127
-207.545264785525
-207.99204404237452
-218.08715945017576
-205.78317069030965
293.996622588126
-232.70436529648327
-226.94877810393203
-207.54526478552455
294.2620921558431
-205.7831706903095
-215.13501128453385
-211.5347444080576
-231.4075249732997
-228.3129084690316
-235.20775434965432
294.742819924815
-206.85764408943578
-228.32295757770473
-240.6258192253133
292.72952062543703
-259.64164072094087
-201.07497037281186
254.7270050460472
-206.96638894705427
294.01371573881573
-205.87247501956054
-218.87424766650054
-205.87247501955986
-214.99174705622994
-210.7933933810954
295.3864524396008
-209.49908315565548
294.7428199248128
-257.5749593875844
-224.9820350606814
-239.52995453077042
-206.8942830200129
-206.89428302001016
-210.82760609781218
293.41952092647506
284.45992250006555
292.17272858229177
291.9613096559424
289.29732832332104
292.4324367025996
292.1434917733419
296.155331856906
290.0513987962741
-206.33061927839333
295.7394465694193
-206.9197236857198
294.2397683782766
290.99146801411655
290.99146801411416
290.13217476749867
290.1321747674961
290.99146801411894
287.7332086548897
290.3003213972528
-205.88663774757785
289.2681414489159
290.9914680141168
290.99146801411354
289.0909019783066
290.8996604229923
286.4940360041709
289.8481427253392
-209.31109809132212
289.6444944969644
290.59481474071305
-209.18574850947473
290.6900337553871
290.9234248004414
-211.8043409286139
290.9506059336201
290.4348254966836
284.5981805433637
290.99146801411496
289.2681414489087
291.22015788966615
290.99146801411524
-207.7619149477256
-208.0929115957374
291.69154667593244
290.1321747674957
-202.78384365866356
-207.89974536309953
-207.89974536309307
-207.89974536309344
-207.8997453630986
292.3815270296361
-204.7762535796167
290.1497980075264
293.01872395059297
292.14349177333804
-209.9910118573022
-204.63515221347114
291.8566896962643
-208.80757035568436
294.56822090603265
290.6834071909158
291.9541583632285
291.9541583632255
-208.23959132039826
291.9541583632344
-209.23163644389467
291.9541583632348
-204.7762535796163
291.9541583632371
291.69154667592005
291.95415836322775
-205.8227653865642
291.9801300769198
291.9541583632331
-208.04584163676793
-205.25784066195718
292.2220288520468
287.6055875462525
292.90597876595785
-205.82276538656555
292.1434917733386
-210.83853626831674
-215.26307862785214
-213.69841929371492
-205.81796891429843
290.69003375538534
290.6900337553786
290.6900337553801
-205.25784066195968
290.92342480043425
289.7977074013944
290.69003375538364
290.69003375538364
289.713506533511
290.690033755383
290.9098947446267
295.4916871797344
290.923424800436
270.78396529450185
290.69003375537704
290.9914680141087
290.6900337553817
290.6900337553866
293.02712282890474
290.9878232839305
-209.41281464874925
290.99146801411655
290.4110079678477
291.012779864438
284.2763849499263
-212.75395115380252
280.81496286260403
290.9878232839268
290.9878232839293
290.9098947446229
290.94631929630964
290.9098947446232
290.8996604229894
290.66545528702693
290.90989474462725
281.07304463116577
-204.90964232256738
-209.53711436579752
290.9463192963088
290.69003375537886
290.55239015994175
290.94631929629946
290.5121233692632
-204.90964232256835
293.79820007810685
288.7714824100396
285.3553945655893
-210.4045646484633
-210.2226408626612
-204.05672767384556
290.6900337553791
290.6900337553769
290.94631929630987
290.6900337553835
-209.62877573031835
288.15636754546244
290.69003375537835
-205.85925329885623
290.6900337553763
-214.4731665127683
294.1602407455832
289.9587218532411
289.26814144889966
289.2681414489033
287.84548303417
-210.43472033342007
289.26814144890034
-214.64080935086477
289.95872185323657
293.79820007810537
264.28974075570693
276.2606644601369
289.1425969147542
294.35644273976163
-214.99070968214855
289.1425969147512
289.2681414489001
-210.93973675623886
289.26814144889994
-231.69756970567383
-209.29210373600435
289.2681414489058
289.2681414488948
-204.1095794764204
285.74422700273055
286.4940360041496
289.2681414489032
291.4041308598028
289.2681414488987
284.6323851229869
-215.28727138600186
-210.2292900727098
289.26814144890614
289.26814144890363
289.2770259736131
294.1602407455811
281.47470248832917
292.0107222377977
286.4940360041461
290.9463192963071
291.37996320352045
290.9098947446246
290.90989474462145
285.3741993938239
-207.49294018915168
287.67563142873314
287.2929056121841
289.26814144890614
289.2681414489035
285.04441854150406
287.68428430946824
-208.51264125466372
286.757789103128
287.79463304058
289.14259691474984
283.93031169548294
-210.25496020286096
292.8951950561024
290.90989474462265
-208.34110833211597
-210.43472033342636
287.63936056255864
-207.16686660398955
289.2681414488972
284.0424240328319
287.29290561218323
289.1425969147449
-210.93973675624719
-212.38731467310816
289.2681414488928
-208.38063777718196
289.2681414489028
289.2681414489042
-214.62580060619462
285.84504680011696
-208.34110833210858
289.26814144889687
286.10296272213174
284.7037315938211
291.4395133292026
288.0157923484769
291.4395133292012
289.2681414488917
285.3741993937985
287.3758124459652
289.2681414488903
282.55526636657993
290.69003375537
-211.11789617988717
287.78542463798993
289.797707401378
290.94631929630145
293.0271228288936
289.2681414488964
289.2681414488929
291.0077850594096
284.52821302784764
289.1323474237879
-208.7872518809678
285.4778495487373
287.2929056121979
290.9098947446197
288.5732335335892
-207.16686660398966
289.2681414488989
289.268141448899
-207.49294018915444
289.2681414488996
289.00732970577377
-208.81403781153494
-208.78725188096587
289.26814144890017
289.26814144889346
287.32088104605526
291.65017362292457
-207.49294018915373
289.2681414488945
289.26814144889886
289.26814144889886
277.99168352640794
289.2681414488943
289.1192681582532
-209.63681582737533
290.66272779103775
291.6501736229259
290.662727791037
289.2681414489007
289.2681414488943
289.2681414488897
287.86565431256594
-205.97702425237728
289.26814144889204
289.26814144889426
289.2681414488971
-210.7693079068612
285.9882418975853
-205.6021007624234
-209.29210373601302
290.6900337553692
290.69003375536795
290.97588234554627
288.92543557152123
278.45629985467133
290.94631929629935
278.5373555000525
292.16401963011566
289.26814144888937
290.94631929629503
291.943884415386
289.8203344617643
290.9463192962982
292.1815372695788
289.26814144889
289.0279539987654
290.9463192962957
287.767803155722
290.94631929629674
290.1322772632853
-210.43554524266017
289.8504838394591
290.94631929629566
289.26814144888664
290.98782328390905
290.94631929629685
290.9463192962909
290.1441516942964
290.9463192962906
290.9878232839085
292.6029695121986
290.94631929629264
290.94631929628946
289.0279539987627
289.2681414488904
290.7548944806798
289.87588928832497
290.0066821284428
290.7548944806765
-201.96220430623924
290.9463192962937
290.9463192962918
290.9463192962902
290.75489448068106
-208.68578547114157
-209.66158472635203
290.9463192962905
290.4828421323817
281.27996863483816
290.90989474460804
290.9098947446109
-210.46075784064521
292.43243670258363
287.7332086548527
291.96130965591755
289.9587218532265
292.2101077241678
289.70227608850877
292.4138302161313
292.4138302161276
-210.34729454667237
292.41383021612876
292.4138302161318
292.41383021613547
292.4138302161329
-208.4120520961583
292.4138302161323
292.41383021613484
292.41383021613103
292.4138302161309
290.4932958927383
291.9613096559136
-208.57171654845573
-217.85236346382635
292.2774275322668
292.4138302161308
292.41383021612995
292.41383021612586
-207.38420518954777
-210.3386993678142
290.4583380502157
292.7295206254122
292.72952062541515
291.40584924047926
291.40584924048363
292.72952062541646
-210.3386993678142
292.72952062541384
-210.33869936780934
-210.44494352720807
-210.3386993678093
-212.61825170347106
-211.35824978460647
-210.33869936781596
290.75197177180064
292.7295206254139
292.72952062541503
-210.33869936781906
-217.94483981554362
283.1374090419273
290.69260376960324
291.24684708252613
292.1711734991515
292.17117349915384
292.1711734991537
285.6343771109065
293.3640723958097
-210.174224979842
-208.63121956122328
-210.33869936780889
292.7295206254147
-215.24296179301672
292.881272790919
292.72952062541594
-210.33869936781588
-210.31950787086234
291.7288426624282
-210.33869936781076
292.7295206254165
293.81096963312575
290.7519717718006
-216.0580134925977
-211.28862923685696
-211.4246770331874
-210.33869936782196
-210.33869936781005
-212.09191773103592
-210.33869936782293
-209.37247972931672
-210.3386993678153
-208.10658148000275
-210.33869936781997
-210.3386993678168
-210.33869936782054
-210.33869936780954
-208.67217294807324
-210.33869936782253
-208.59362195152184
-215.94322483945425
-208.8542708124327
292.41383021612563
-210.53142674218788
-210.17367294986326
-210.57804784209017
-210.33869936781997
-214.9884418803793
-210.6330328817877
-208.85427081242977
-205.2023857670373
292.6029695121931
290.69003375536533
-208.4120520961578
290.6900337553657
292.1187174369803
292.11871743697304
292.1187174369761
292.11871743697867
290.6095088970048
290.69003375536664
293.4376195706109
292.1711734991551
291.9613096559121
-209.49908315565628
292.1711734991548
292.1187174369838
293.4376195706126
292.1187174369765
292.1187174369737
282.77997132794036
291.23188483673295
293.3927381054688
296.0464056335857
292.60296951218737
276.0519244712613
293.980856815182
282.6874646624299
293.437619570615
293.4376195706117
292.11871743698094
293.79920051014244
292.11871743697463
293.43761957061196
293.43761957061014
293.4376195706133
-213.01010890253684
292.6029695121897
292.1711734991486
293.4376195706119
293.9943522285531
-209.94840456029863
-202.15813815567736
-218.02442533877706
-207.54157921971853
-208.41205209615973
294.2235327469575
293.219785456788
293.9943522285501
291.19516580131636
-209.78097539305088
292.43243670257755
292.1815372695769
292.4138302161226
294.7428199247976
287.51804972840085
294.74281992479524
-221.6950419038994
273.86044924771784
293.4195209264602
293.4376195706105
293.4376195706104
293.43761957060804
242.73216045680851
292.1187174369728
294.7428199247982
292.1187174369802
293.43761957060974
292.8580437761622
293.79920051014443
-217.1292619658597
289.7819550612928
-252.1912962134534
292.17117349915117
292.11871743697486
292.11871743697276
289.70227608850115
292.89045081082475
290.9463192962904
294.0549630094656
290.69003375535334
289.26814144887726
-218.62964027547292
292.1187174369733
292.11871743697316
-234.97027634328765
290.69003375535806
288.98986290774883
290.69003375535436
282.4535517663585
239.5201285089404
292.17117349914486
290.6900337553599
291.4395133291929
292.1711734991437
-214.8669139310706
275.30987832565876
-207.07783916547868
290.6900337553532
290.690033755355
-207.0267264935503
292.1187174369721
-208.41205209616282
-207.98321749832854
292.1187174369734
-208.38063777719577
288.33918005965495
-250.84635163921934
288.33918005964705
-212.67389841165848
292.4324367025751
-208.37730491541538
290.97588234553587
290.9098947445961
290.69003375536005
-208.24230774053254
249.69044148899945
290.69003375535596
290.30032139720504
-260.3160997273138
293.3426971561037
290.9463192962788
290.69003375535556
287.73320865483527
288.44192269951145
288.88336655016224
-213.02089156769586
292.89045081082344
-211.38997605733184
-247.89628413261272
278.6676906201084
286.68683716314524
-207.70331147052048
288.77765683846417
288.77765683848196
287.7826414880228
-218.6336403048539
289.13234742376216
289.26814144887715
289.26814144886936
289.26814144887084
289.2681414488747
286.31424948133764
289.26814144887396
289.26814144887123
-216.47050666736396
-210.93749839500975
289.26814144887425
289.26814144887106
-208.53057989585338
282.774259051399
-212.00490991878
-212.00490991877868
-215.37558100111096
-209.77735381812514
292.181537269569
295.73944656940887
-207.09269283281108
292.11871743696867
-207.09269283281364
290.6900337553528
296.04640563358436
-207.09269283280875
-234.74416362354611
290.6900337553483
-209.42217052369242
292.17117349914656
-249.9834371732218
-224.75900722141918
-218.54196000028628
272.93996392208305
-231.59792907165058
290.98782328389433
253.44261977592458
-207.0926928328075
290.69003375534635
-208.6846682879272
293.5758237300949
-210.8074571938834
292.6029695121783
295.99934376801326
-208.4644431934126
-216.7274469905559
290.6900337553521
-206.37205130915436
-208.3773049154196
290.69003375534817
-207.09269283280818
-263.6714735717649
290.9463192962782
-249.46451685652994
-216.77389578416987
290.9463192962811
-217.7728291159088
290.9463192962762
296.0464056335835
-206.37205130915328
290.9463192962775
-217.77282911591547
-236.31842114027003
-211.62596112699677
290.5173767665487
-207.09269283281247
292.4324367025685
-216.10533149210295
-322.34224157013296
-201.9622043062402
-214.98768928575595
-226.01017640881633
289.7135065334759
-207.63376529572298
262.5914037562085
-210.76452970877267
292.0107222377684
-215.5840538347629
-208.24230774053646
262.4861156721016
-207.51354729407495
290.9234248003983
-215.5840538347664
292.43243670256743
-207.89459319445095
292.8904508108149
-207.09269283280895
295.4916871797237
296.04640563358276
-218.57162808572866
292.43243670256584
296.1029738847723
-207.0926928328082
288.7668139793035
-283.15437946984804
292.4324367025648
-207.0926928328118
-209.74442311753455
-211.87544275691587
292.4324367025642
-207.09269283280864
290.69003375534675
-207.09269283280662
292.4324367025669
-210.8074571938826
289.4358481200286
296.0464056335819
-207.09269283281097
290.69003375534294
-207.09269283280548
-212.2380208650416
292.432436702563
-210.8074571938851
-207.18889909990844
277.6119416059318
296.14554832702447
-209.85326470288908
292.4324367025627
-207.09269283281176
-207.08374219873824
292.21010772414644
-207.09269283280838
-207.09269283281213
-244.16895941260003
-242.28070203905614
292.1187174369599
-207.0926928328069
292.1187174369607
-207.09269283281034
292.19528702120743
-207.94064961106716
290.69003375534277
292.64208888377533
-207.09269283280827
287.989301328259
-207.0926928328112
292.11871743695684
292.11871743696133
-208.20949528367598
-256.52240324073057
-212.94654371137082
292.11871743696065
-207.09269283281083
292.11871743696105
-210.4222129229588
290.06971569959416
-210.49103195275063
-238.7859496344618
292.1187174369604
282.9859121829109
295.7394465694064
295.7394465694073
-222.49534597798979
292.1187174369573
-209.7941860217501
-210.84336469171518
-209.3037426760602
292.4324367025614
295.73944656940665
295.7394465694063
277.02121472380577
295.7394465694049
292.10393455448497
-210.16799645716318
283.42060262551877
-222.16215152225536
-249.05173695034378
292.11871743695616
-207.0926928328097
292.89045081080843
-207.0926928328113
292.43243670255913
-206.37205130915567
292.43243670256214
295.49168717972276
-207.0926928328135
295.84495994522126
-206.37205130915802
-208.4931699007677
292.1952870212085
-215.16834002293527
292.19528702120806
-209.19899218230287
292.8904508108053
295.7394465694064
295.7394465694069
295.73944656940625
-222.76476210377302
292.1815372695564
294.2443269950352
296.0464056335811
292.323217539664
-208.9601195550845
-209.0206411942883
292.1952870212065
-208.0626626570652
292.4324367025612
-216.85654470946412
291.9613096558854
282.16765877608435
295.73944656940694
-217.36900016246102
290.47071147041197
295.7394465694052
295.9993437680107
295.739446569406
-209.11486025503197
292.1952870211997
295.7394465694063
293.57057631747256
-216.8565447094624
292.41383021610625
295.7394465694052
-215.46150987534725
-210.16799645716776
291.96130965589083
-215.0405237640993
-208.9841170703183
291.5270561824256
296.14554832702345
-213.9691872646541
292.1952870211994
-211.13364279300822
295.9993437680107
-217.37062890455562
292.4324367025551
-213.96918726464483
290.6627277909997
-201.0749703728134
292.8904508108074
-215.14212494552095
291.2983458434405
-217.37062890456298
-212.14711369092464
289.7022760884741
-213.98642808212912
292.95668989459523
-209.11486025502805
-223.88528964173307
292.87440281493986
-213.9691872646412
294.95004684306343
295.7394465694064
-221.4045104491121
293.34676771248587
-214.27461765281004
292.138735760818
-205.20399927145152
-209.0562739011495
295.535426173631
292.92230460616986
295.73944656940523
-216.017564373936
293.36407239579484
295.7394465694049
-212.24422519503452
-209.44832206449448
291.29070555236166
-215.72457484479395
-209.81010740241004
293.3632236303673
295.7394465694036
295.7394465694049
290.909894744575
-208.9188626844365
289.71350653345974
-213.5506826039246
292.43243670255816
-213.3291055539299
292.43243670255436
295.7394465694054
295.73944656940495
288.6207677730828
-211.20994219779033
289.7135065334706
295.7394465694047
-208.43888317020776
292.1815372695492
292.3060841671532
-215.0405237640959
-205.22708160371909
292.43243670255583
-205.20399927145027
293.438785923138
-209.8503001080577
293.3467677124812
-205.12892650635027
293.3632236303653
-221.56506660648972
293.34676771248525
296.0464056335811
-218.64914324887638
291.5163656140637
292.6660469084471
-209.47053170678356
292.890450810804
-215.04052376409786
290.5039138951624
-202.15813815567904
293.26106489361723
-217.32315023398237
292.8904508108062
-209.77306989815423
-209.447406225478
-208.6325416301308
293.3467677124826
-216.56131988982995
-213.5866756496252
293.34676771248377
-212.2442251950278
291.3799632034749
296.1455483270235
295.9993437680109
-205.20238576704162
-207.5604948113792
288.3109473432048
-209.68939562791658
-218.64962044403407
290.64768758688865
-215.04052376408796
-222.1814424599242
293.36407239579074
-213.96918726465123
293.3467677124815
-214.539720239903
293.3927381054455
-213.96918726464202
292.95668989459057
-210.85414762813346
293.3467677124789
-216.85654470946866
292.95069293872984
291.290705552358
-208.23649621053985
293.34676771247734
292.6420888837691
-214.53972023991477
293.34676771247973
-213.96918726465128
293.4387859231349
-213.96918726464088
293.0221995832487
-220.5055972746065
-209.43272003529694
293.26106489361695
296.14554832702316
-218.11416396211465
-217.0373026722082
293.3467677124797
-213.96918726465375
293.34676771247723
296.1029738847695
295.73944656940455
-213.9691872646528
-222.77774005930266
293.34676771248144
-209.11486025503964
293.02712282885415
-213.96918726464594
293.34676771248064
292.32321753966096
-213.96918726464864
293.7065206428063
275.2392387012213
-212.04916352737018
293.3640723957857
-215.0405237640855
-223.11104450184467
293.36407239579034
285.53898235389784
291.52991840836125
296.04640563357987
-212.47696298303723
293.34676771247797
-208.14577248439494
293.36322363035896
-213.97017882019085
293.363223630361
295.73944656940324
-215.04052376409734
293.3632236303617
-208.56450944951195
292.9566898945878
295.7394465694026
295.73944656940455
295.4916871797192
295.73944656940387
295.73944656940415
295.73944656940483
-213.96918726463886
293.0171989590224
-211.88466638268363
293.1393233904041
295.73944656940336
295.7394465694031
295.7394465694023
295.73944656940324
284.6791963344884
295.7394465694029
-209.9151863539551
293.13932339040747
-209.85030010806213
293.5758237300836
-212.53957599363355
293.5758237300808
295.7394465694031
295.73944656940364
295.7394465694032
295.7394465694028
295.73944656940336
296.1029738847698
-208.50802682920246
293.36322363036135
292.4324367025432
296.1905129205576
-215.46693423124722
289.70227608846307
296.0464056335796
296.08889831924705
295.73944656940296
296.10645089657197
-215.41717127802963
293.36407239578443
296.07177278492594
295.99934376800906
295.73944656940296
-214.53972023991176
293.36322363036055
-215.04052376409783
293.36322363035623
292.95069293872933
295.9993437680089
295.739446569403
291.85627132085915
-215.3856094242406
293.3632236303584
292.323217539658
296.14554832702277
295.73944656940296
-219.58356445491245
292.4324367025448
-209.54059095987856
293.3632236303593
290.03833621873434
295.73944656940347
295.73944656940284
295.739446569402
289.8930480148847
295.7394465694028
295.73944656940273
-208.62525778670755
-218.55375966437424
293.3632236303567
292.95668989458784
296.10297388476846
296.1029738847684
295.7394465694027
295.7394465694015
295.7394465694031
295.7394465694033
-219.96887162459188
292.45533735275995
295.7394465694019
292.43243670254583
285.5389823538867
-222.8210653348052
-204.05672767385235
293.36322363035686
-210.96254041810232
293.36322363035777
293.3632236303567
293.3632236303557
293.02712282885113
-209.5760279343754
292.239828052241
296.04640563357856
-214.08288059745303
289.71350653345263
-210.0559084462073
293.4376195705868
-215.04052376410192
293.3640723957848
-209.85030010806656
-212.13568617385812
293.4376195705856
-214.85407414603185
293.43761957058746
295.73944656940205
295.7394465694028
295.4916871797158
290.03833621873287
-208.53677347381225
293.4376195705882
295.7394465694023
295.73944656940233
291.68189826176115
295.73944656940193
295.73944656940137
295.73944656940245
295.7394465694008
292.1187174369436
296.0464056335778
295.73944656940137
-208.62525778670988
292.8766867928831
295.7394465694012
292.9566898945912
295.7394465694008
295.7394465694011
292.92374582719304
295.73944656940057
295.73944656940034
296.1029738847685
-210.02046873707013
293.36322363035544
290.1561022662176
-211.32507590921344
293.363223630357
293.3632236303543
292.43243670253753
293.36322363035436
290.52174986333233
-215.0405237640973
289.80086645529343
-209.8503001080658
293.363223630352
-210.3346957882888
292.89045081078564
-215.04052376409504
293.4376195705871
296.0982824957698
296.1029738847676
296.1763149442221
295.7394465694011
291.38931114712386
296.0464056335775
296.04640563357714
296.14554832702123
-209.7730698981452
293.00122148102565
-215.0405237641006
292.89045081078905
295.73944656940034
295.7394465694005
295.7394465694026
292.5194829528998
295.7394465693996
-209.7981595104992
292.1187174369321
295.7394465694006
295.7394465694003
295.73944656940006
-205.12892650635624
281.9876818930281
294.742819924773
295.7394465694006
295.7394465694004
295.7394465694003
295.7394465694016
295.73944656940057
295.73944656940046
296.1455483270216
296.10297388476704
293.34676771247024
293.36322363035265
291.50706961819174
292.8294193005091
293.36322363035174
293.3632236303549
293.3467677124741
293.36322363035094
293.3632236303522
293.36322363035265
293.36322363035566
-211.66846704996595
293.3632236303514
295.49168717971486
295.49168717971355
-211.07615676454964
293.36322363035003
-210.61588518241433
292.11871743693484
-214.57386492895554
293.43761957058086
-215.90718377513025
292.4324367025359
295.7394465694
293.36322363035293
-208.62525778671335
293.36322363035544
-203.87988450873794
-211.67808945211024
292.4324367025385
295.7394465694
-210.81474303515085
-209.8503001080723
293.11604572025743
295.73944656939966
295.73944656939955
296.0464056335776
-214.18444272494813
293.1393233903982
295.7394465693996
295.7394465694007
295.7394465694
-209.74790347336534
292.4324367025395
295.739446569399
296.14554832702197
295.7394465694005
295.7394465694003
295.7394465693998
295.73944656939943
273.00217113574735
292.2101077241175
292.222028851961
290.6900337553161
293.36322363034844
292.11871743693433
-217.84704683701915
-208.1579380618743
293.43761957058257
292.43243670253406
293.36322363035043
-212.24422519503844
295.19026723598887
-215.04052376409717
292.43243670253884
292.1117128266406
-216.07469811954542
291.41697689060607
-216.07469811953615
-216.83242262930062
292.17117349910677
-205.227081603729
292.43243670253497
295.73944656939915
-211.64495425909703
294.2620921557953
295.739446569399
295.7394465693985
-208.4388831702181
293.2610648936025
-209.1148602550412
289.86810661075833
295.9993437680053
295.7394465693984
295.7394465693983
295.7394465693985
295.7394465693985
292.6420888837561
292.93328580108044
295.7394465693985
-209.47681953972247
293.36322363035146
-209.8324255150246
293.36322363035094
295.73944656939904
292.23821193064066
-215.04052376410056
294.70070543755924
293.57582373007176
295.7394465693978
291.68675842311114
292.1711734991062
291.11231324193557
292.17117349910666
290.6900337553066
-209.2302583343503
293.36322363034856
293.13932339039417
293.5758237300725
292.8904508107846
293.3632236303475
293.36322363035157
293.36322363035026
293.0271228288354
276.8413121909855
-215.0405237640967
-204.44107272720964
-222.3958713857457
292.4324367025326
-205.22708160372736
293.1393233903941
-209.114860255045
293.36322363034986
-208.62525778671142
293.3632236303485
-215.0405237640976
290.75674939197347
-209.114860255047
292.7295206253748
295.73944656939886
295.7394465693982
295.73944656939733
295.73944656939886
295.73944656939705
295.7394465693983
295.73944656939824
292.95069293871893
295.7394465693982
295.7394465693981
296.10297388476624
295.73944656939744
-214.20937684265635
293.36322363034515
295.7394465693985
295.99934376800536
295.7394465693978
292.95668989458426
295.7394465693977
295.73944656939705
295.7394465693977
