-202.8349590622461
-209.44061446415097
-204.05672767384436
-202.15813815567594
-203.27267387350489
-214.8286858182924
-202.45760247949536
-201.6654412015822
-201.07497037281212
296.12418485719775
-213.99717019581996
-204.8092754588898
-209.68281426175125
295.5274406455582
-201.6654412015826
-209.8116019306013
-201.07497037281206
-210.2769411159275
-210.07371038229113
-203.57941976796417
-206.9405530624693
-212.5244966532129
-213.76741210050338
-201.66544120158247
-205.1405895304806
-209.69123754149845
-206.58871904439573
-203.48644428522118
-207.66109452343247
-201.66544120158238
-202.98392710151913
-201.07497037281243
291.40077289123786
-201.66544120158233
293.4140954453428
-201.6654412015824
-206.95371510264715
-201.66544120158238
-207.17896353719584
-201.66544120158227
-209.1987437518169
-201.66544120158247
-201.66544120158233
-201.07497037281217
-206.0890765997278
-211.66749140522305
-207.40545781236875
294.8773533281764
295.5331748799272
-204.09754227519076
-203.89183551806207
-211.11274145854705
-202.31559517664545
-205.20809667518256
-201.6654412015823
-202.84638148891793
-201.66544120158258
287.3762242432116
-201.66544120158233
-201.0749703728118
-201.66544120158227
-211.3429332838
296.14422006961075
-201.6654412015823
-206.58871904439187
-206.58871904439195
-201.66544120158244
-201.66544120158224
292.8674121957632
-202.85666542419818
-201.6654412015825
-204.76389035604006
-201.66544120158244
-203.84776880187198
295.26521378517197
-204.1344639850971
-201.6654412015824
-201.66544120158247
-201.07497037281217
-201.66544120158227
-201.66544120158255
-201.66544120158252
-201.66544120158233
-210.55977454386
-206.74215140226647
-201.66544120158247
-204.169905049604
-202.31559517664596
-202.31559517664576
-204.51705213072515
-201.66544120158235
-201.6654412015826
-201.6654412015825
-201.66544120158255
-201.66544120158258
-202.3155951766461
-201.66544120158264
-201.66544120158247
-203.26496025907377
-202.3155951766458
-202.31559517664584
-204.16990504960287
-203.2735443082422
-202.3155951766459
-201.6654412015823
-201.6654412015823
-201.6654412015823
-201.6654412015823
-202.8349556310435
-201.6654412015824
-201.6654412015822
-201.66544120158258
-204.76389035603736
-201.6654412015822
-203.25415279438607
-201.66544120158233
-202.8349556310437
-201.66544120158233
-201.66544120158235
-201.6654412015823
-201.66544120158227
288.686234328979
-201.66544120158235
-201.6654412015825
-202.8349556310445
-201.66544120158238
-201.66544120158227
-204.76389035603654
-202.4576024794958
-205.41613123723855
-201.66544120158238
-202.8349556310434
-203.48644428522167
-201.6654412015823
-201.66544120158233
-201.6654412015824
-203.48644428522073
-202.8349556310436
-205.45432605348657
-208.81038015382975
-208.6511814769375
-209.32912709689958
-209.3138814657711
-209.32912709689333
-201.07497037281124
-201.0749703728116
-201.0749703728116
-201.07497037281178
-209.39557668272997
-210.01241377766374
-204.46457382635577
-210.91838298182347
-208.65118147693576
-209.3291270968952
-209.26460050781066
-205.20238576703437
-201.66544120158238
-205.6961588658782
-209.7254788976975
-208.81038015382933
-210.27863642321094
-209.75053234892752
-209.22275639113613
-205.31822230211046
-207.52951427632678
-214.51533836613328
290.40224340524037
-209.1385348200761
-210.31890959998879
-217.13416194961297
292.43243670260426
-208.16578764647085
295.067270929827
292.43243670260193
-215.6867779305948
-212.2671501661111
-208.15793806181267
-208.1579380618108
-208.15793806181017
-213.3837465740182
296.14024790618345
-208.15793806181296
285.53371196360916
292.1187174370015
-213.24720811924516
-208.15793806181347
292.1711734991761
-209.0630606638799
-215.4584485099182
289.48932264993107
292.43243670259943
-217.42238007231006
-208.15793806181208
-208.15793806181193
-208.15793806181017
-212.36777266874964
-208.15793806181242
-213.6002265114789
-206.42277927320904
-206.61726271752457
-215.03953314726488
-209.73605514808597
-208.65118147693866
-205.31822230210676
-210.096164979187
-207.7455140508594
-230.82827004460884
-211.70329114743208
-211.47648846263428
293.5758237301271
-210.3189095999915
292.1952870212511
292.11871743699703
292.1711734991732
292.17117349917464
292.1711734991751
292.17117349916964
-208.09596136093714
-208.69343743945169
-209.3473152026238
292.1711734991746
-211.45427199083755
292.1711734991738
-209.34731520262739
292.1711734991725
-210.98791111053356
292.1640196301318
-211.1505682049262
-209.34946889507975
292.17117349917334
-207.3320525168414
-208.48693424931488
-211.78397005978155
-210.0602125268746
-212.6087594032128
-208.03869034405898
-208.4869342493093
291.96130965594324
-209.34731520261644
290.87798495368037
-208.09596136094123
-208.69343743944873
-209.34731520262244
-206.317918608723
-211.73565004023797
292.1711734991746
292.171173499173
292.1711734991724
292.171173499175
-210.24045056551614
292.171173499174
-201.0749703728122
-208.6511814769373
-208.55668714440574
-210.37822763148313
292.1711734991698
292.17117349917555
292.17117349917265
-227.40560893528644
-206.4971384879472
292.17117349917055
-209.19026962170386
292.01072223780096
-240.7035459727258
-208.03869034406185
-204.44107272720467
-209.20362319240888
-214.45593207741146
-208.22592251293784
-208.70786642831834
291.961309655934
-208.4869342493193
-209.3889441128777
-210.56750868920406
-207.58028490019163
-209.38894411287382
-203.75981616652433
-209.3139683115157
-208.04115742699335
-212.4262182213423
-208.4869342493203
-214.4648965402932
-208.48693424932122
291.6859325629876
292.17117349917277
292.171173499171
-209.79646859396502
290.9463192963132
292.1711734991756
-210.80834094865352
292.11871743699265
292.17117349916856
-208.24230774050775
-211.73270702237426
292.17117349917123
292.1187174369951
293.5758237301243
-208.09596136094336
292.1711734991745
293.43761957062355
293.4376195706258
-201.07497037281198
292.0944714901292
-204.44107272720225
292.18153726959514
-211.16137727067436
-206.44169370815118
-205.68535137895597
-206.21756727735877
283.1170479208967
292.28274361948553
292.2211875745436
292.22118757454103
-204.44107272720615
-260.75827336881036
-211.33470688591487
-210.33869936778584
-210.20571951962887
291.24684708253534
281.7817876269243
-201.0749703728118
-210.3386993677855
-211.73270702237033
-208.09596136094993
-210.33869936777845
-206.91153245668448
293.43761957062844
-215.74535453411616
-207.19102701265433
-212.73861686070802
291.24684708253886
-201.07497037281243
294.23447863067236
-216.75772736503427
-211.97138389322876
-213.6813291387703
-212.7386168607201
-212.73861686070518
-207.25183888503835
-214.73337842501593
-212.6796798769675
-214.63619233864068
-213.75155577939793
-212.03492387837514
-212.7386168607231
-209.71871630011154
-211.65149480614934
-215.8423812294967
-210.73491735054228
-210.57706659780237
293.4376195706256
274.35944962642304
-207.09995333510665
292.1711734991674
-210.96584790744078
-207.0266242548045
292.1711734991673
291.9451911243936
292.22118757454416
-206.6483327234726
-222.88696619090553
-220.68391373995703
293.4376195706271
293.7164608571956
293.71646085719783
292.22118757454
293.7164608571982
-229.0880838693942
-215.5438625190852
-215.54386251908826
-210.98211654609517
293.43761957062156
-213.43993293307105
293.43761957062213
-215.5438625190892
-217.6505996493451
-220.56891484166877
-210.9031811735355
-215.25880508065782
-213.07985971027028
-247.37170747921851
-215.54386251908576
-217.45044907496248
-235.93537215861355
-215.54386251909514
-215.54386251908588
-211.44173351556836
-206.56793397378758
-212.05951630043674
-211.44173351556233
-217.32390887099504
-211.44173351556685
-215.00203533524063
-206.10612191387884
-206.41639421988526
-226.93722643367113
294.3575784601379
-232.42706594653993
294.23447863066997
-236.77765773821386
-245.71033167573478
283.1377051554446
293.424094686014
280.9079595615949
292.1868741719003
293.716460857196
-208.30000858749648
294.26204948111825
293.9216393131377
293.92163931313854
293.9216393131376
293.92163931314064
260.2023884013784
293.71646085719675
293.7164608571977
293.71646085719493
282.07887134458815
-209.17459026373484
-225.2631668391394
-221.06907357740465
257.2157786724653
282.33135829191696
293.71646085719726
293.7164608571949
-264.0433499978714
261.8173629835454
-143.15015779923442
-240.64382306582172
-134.86010092714932
293.95449879612664
293.7164608571973
293.71646085719755
293.7164608571955
262.25102636309816
210.63253995880473
293.7164608571983
-209.8075581893877
-253.85307846899926
242.74408764541752
-226.70192516455614
289.1137749968909
283.00291458295635
286.77322848576307
239.78630569078848
-207.56049481135994
275.8188402161745
-207.23018757166665
-204.57615870647246
270.3193356333064
283.08922964914814
283.0892296491442
-211.30766980329057
283.44451801551884
249.70120811160763
-133.94376937812117
-208.37032840866289
-204.0567276738467
-210.04706224554184
-207.56049481136353
283.51015555461
290.79015696007167
292.1711734991612
292.17117349916236
292.17117349915816
246.54132498553778
292.17117349916555
286.93798236367144
292.1187174369867
292.17117349916174
292.171173499163
292.1711734991653
-209.74645406938384
292.1711734991641
-202.1581381556763
-210.16799645714943
292.17117349916066
-208.25700186959094
-208.25700186959236
-203.75981616652547
293.43761957061713
293.43761957062
292.858043776169
293.43761957061844
-204.57615870647248
293.4376195706215
-208.25700186959241
-201.0749703728124
293.4376195706185
-203.75981616652578
292.89778241750315
293.4376195706172
-202.98392710152294
293.43761957061844
293.4376195706159
293.4376195706176
293.43761957061713
293.43761957061616
-203.75981616652575
-202.98392710152174
-206.96638894706908
293.43761957062037
285.76524447385276
283.4445180155187
-206.82542850515614
-217.82952973619985
-208.25700186959642
292.1187174369809
-209.17657419913888
-203.75981616652484
-207.1888990998952
285.4719060384398
282.40060622726486
292.1187174369819
-206.430190543834
292.1711734991541
-209.1290360108996
-203.75981616652575
292.17117349915674
292.1711734991562
284.93423783156993
-209.12903601090147
292.1711734991565
292.1711734991543
228.120902822306
292.17117349915435
274.3138679636454
293.3640723958129
282.77041819563726
284.1558461043512
272.63611204910086
-206.43019054383512
292.17117349915134
272.44945875965516
227.22592981281815
292.1711734991541
-203.759816166527
285.46736305402555
292.1711734991563
289.9112393016127
292.17117349915793
246.67156938717284
284.4820603429243
-209.8756024755442
292.17117349915463
-205.602100762426
-206.44394179084463
-202.15813815567674
-206.44394179084233
292.1711734991561
281.8972293539718
288.7795280395996
-210.72614318243313
283.2351049741206
-211.30766980329827
-211.0741427414588
263.00027959640664
-204.05672767384706
-208.25700186959716
287.08591590812136
-204.8050635474902
292.8812727909256
-206.82542850515858
246.84703118429132
-208.25700186959935
-204.05672767384576
-206.82542850515892
256.03750683861335
-208.25700186959514
-208.25700186960134
-208.25700186959705
-208.52604760850218
292.171173499155
291.9613096559162
-210.58741728136957
292.17117349915327
295.6291535032119
250.1664126552032
-233.66465058302282
-211.1417376796782
292.19528702122756
289.01441553074636
-208.01247130355375
267.7273970686316
-234.78469711224267
292.1711734991498
292.17117349915054
203.5604183194717
292.1711734991519
-205.68535137895336
-205.94007447290315
-209.92402613978524
-201.9622043062393
-204.8050635474907
292.17117349915605
-204.4410727272075
292.1711734991536
292.1711734991516
292.1711734991522
292.1711734991513
292.17117349915065
292.17117349914923
290.92342480040986
283.4321391695
285.67921621848717
258.7111717118996
283.51015555459963
-207.5604948113659
282.9540361975656
-208.2570018696006
284.7811668982852
-207.81137091124393
283.4312853760725
285.4719060384362
-209.52240246805252
-208.87166446472565
280.880530334583
-209.52240246805232
-208.8716644647251
-203.27267387350506
-231.6175453842529
292.1711734991544
-208.8716644647236
-208.87166446472426
-208.87166446472852
292.1815372695734
292.18153726957974
-208.87166446472685
287.3711120982157
-211.08847893967805
-224.2020474072478
-208.871664464729
270.5328635935243
-237.29621655469404
-208.87166446472548
-208.8716644647265
-204.05672767384536
-206.82542850516055
-208.87166446472258
197.85826140035175
292.8580437761604
292.1187174369819
-201.96220430623964
-208.87166446472784
-215.07029459559794
-208.8716644647259
-213.8116949822729
-204.05672767384635
-206.82542850516123
-208.8716644647251
292.1711734991512
292.17117349915486
-209.053937809646
282.88950600751866
-209.95829411031414
-211.03877189010976
-215.4096963930519
287.90321687981503
285.6792162184704
285.2937001290269
285.3389069187093
-223.04592182042134
-226.19161856216252
277.89811416147273
-219.75933620392482
-209.67744176933803
277.89811416149087
-208.51714722270938
-209.70814433007098
288.16487231987156
-208.25700186960123
-217.00397243563853
-217.54757143469578
284.56594218220334
-208.87166446472696
-230.52267973367842
287.3908110477232
-215.7499863045319
-208.8716644647299
-215.74998630454394
-215.00721054328653
-215.7499863045425
-217.27245571682485
-219.13065671227037
-208.52604760850681
-209.522402468054
-215.74998630453894
-209.52240246804948
-217.0980000273656
-209.65422313850377
-215.10595030707233
266.0629857242931
287.3908110477211
-208.52604760850772
285.33890691872034
276.60117764100414
-209.70814433008397
285.364853464974
285.3389069187068
285.3389069187141
270.20852839874374
285.3619269808207
283.18894235337996
276.65429449833226
267.2404742483625
-207.18889909990114
268.71087607480666
-208.78725188097457
285.33890691870886
-223.25873420553307
278.1605096822259
-206.44394179084577
-209.70814433008306
-217.04698234147696
-223.25873420554103
-224.09460147464875
255.4509291859105
-206.44394179084406
278.16050968225187
278.1605096822055
218.27757761554028
285.3389069187094
285.33890691869635
-209.70814433007564
195.79639748197803
-203.75981616652697
285.3389069187064
285.3389069187043
-203.759816166528
284.7078810834706
-301.93005714270055
-209.4745138931672
-261.21352183733103
-203.2726738735043
287.9283702874538
283.5522579300591
285.1315473737967
-219.39304821395234
285.3365336766578
-202.98392710152456
-201.96220430624018
-210.7021768861512
292.8904508108199
285.336533676646
287.04366797955674
-206.44394179084463
285.33890691869476
-217.2651121422227
285.338906918706
274.7992498564491
278.81510393937367
265.2435058294178
284.37681708452936
284.3283530980849
-206.44394179084583
-216.9745057272974
283.29757429594224
-208.52604760850784
-210.760401294283
-217.31140325992737
-206.44394179085052
265.76833462545335
-218.30429459799086
278.16050968221487
278.1643539301265
282.07396473983135
278.16050968223175
295.9993437680145
-208.5260476085075
247.16864065661775
285.33890691869914
258.69867884905807
-209.4408144865454
285.3389069186862
-209.7081443300865
272.2119192292107
-209.35619326131467
-208.52604760850733
-214.88429560231958
285.33890691870414
285.3389069186974
285.67921621847654
-203.27267387350588
285.33890691869203
-202.9839271015228
-208.52604760850983
-205.70213355552056
292.17117349914287
-236.92733146666728
-202.98392710152297
243.38132826038984
259.0981961696837
284.70788108345073
260.4946363886236
-290.7847345182215
-217.27882373662672
211.08942549099362
-258.3578396261606
250.23604559614597
-210.93059982906334
265.58771742155255
285.33890691869516
-206.82542850516333
285.7993195755239
-124.65215209206121
-209.5785735769856
-122.21296631123563
285.293700129018
262.33130408673725
-248.16799903483005
284.7056327024448
232.73232455466285
275.81330595094033
-217.6213697096445
-124.89076664642126
284.9342378315322
-206.44394179084827
243.09146132789607
240.39280326121838
-291.1957430391858
-131.2197378626156
-116.47382948494197
283.0602899093801
277.02855914802586
278.4848653908578
-204.80506354749323
-206.82542850516523
-209.70814433009753
-125.43123801449671
-221.82579852250956
284.70788108345926
-124.14941934772155
-204.05672767384766
-204.05672767384854
278.9299418510059
-237.66155903628703
205.4221862074796
276.98061233426006
-208.5260476085132
256.37426793906434
271.1138084013245
-122.42057903512423
235.54847815173133
228.0135660907759
288.5097573507114
-204.05672767384726
285.29370012901126
283.1896469558947
-210.04819984089744
225.55665358461886
285.3096296591429
189.70920848035777
283.51015555458355
-204.4410727272062
271.0262845427553
250.89479389382313
-209.69971569218438
272.0912559176833
282.7499286529374
269.5037800172002
-125.35359914723544
255.65145042317664
246.72102345156392
-203.2726738735059
-204.05672767384738
280.01129288962244
-218.55798625129484
279.8284016044264
280.02830632489054
277.67439993339775
277.49760260416406
290.4158133509402
-203.27267387350685
-206.44394179085134
278.250119047365
-209.86385055640926
270.4110515147768
284.93423783153355
279.48560646475437
274.5532229711819
292.85804377614784
-206.825428505164
285.28907951783145
284.6617296852995
284.67048150407385
-206.44394179085083
-208.12504483876776
287.32645249673214
-206.4439417908517
284.9342378315313
-228.2250260641378
277.0744074177968
-203.75981616652942
284.5182122477794
-209.5892955606071
284.93423783153236
284.93423783153435
-209.58929556060505
284.9342378315341
288.8116668603347
-204.05672767384925
-218.12722560485724
281.1392352354511
280.99730968704404
268.4886905090203
-228.24447581019172
262.528709772553
-214.88738833888624
251.31461979274997
256.42896936692244
285.2890795178241
-203.27267387350483
279.8284016043936
285.6792162184597
284.9448074333249
285.83034317965024
275.87665107525373
-210.67720634191141
-208.52604760851668
272.526014249599
-206.8254285051645
285.28907951782014
283.6002265080716
-203.27267387350616
279.46195577479085
284.70563270242206
-206.44394179085307
271.6814939976063
-203.75981616653064
-207.5982656129948
-204.05672767384965
-204.8050635474959
286.47047379984986
288.8665507243093
-209.98099187857025
287.1965834923268
270.0685354701599
284.50990653759004
284.9448074333333
-210.2436843268491
249.34468230041477
284.9342378315298
284.93423783151815
284.9342378315256
281.15108464473894
283.26502854430515
290.18882831510484
284.93423783152826
-207.72926584175218
-206.44394179085216
-204.0567276738495
284.9342378315138
287.02840338602175
281.80591708827734
280.5135994418995
260.5036360559271
-209.57857357700007
-204.44107272720834
285.3404681530657
294.00123846161944
-209.7081443301051
285.2937001290064
293.5758237300923
279.6562672872601
284.93423783152315
-204.05672767384965
-216.87100520500204
-226.75684575582127
-217.272455716816
284.52040398705145
-208.54270033501746
275.5287611055858
295.3864524395831
-208.5260476085175
284.6195537544641
287.2618935409678
-211.01483671299786
284.80072584633507
-207.23018757168083
281.10435585136514
284.94480743332224
287.2689744837855
-209.57857357699817
273.85367300285736
282.0148155838851
284.94480743332736
-217.071921362953
287.39081104769105
284.9342378315122
-223.71014425674312
284.944807433321
-208.85799453089749
285.29370012900057
294.7428199247856
-218.55788503736377
-218.55788503736096
280.4772065546322
-217.5862270191129
269.929221989038
294.7428199247851
281.40586196037736
270.01798085719
285.29597840154923
285.01745985056465
270.70117052149965
-204.805063547496
283.25138732426996
282.05989058043906
-211.2891919099785
-211.9197265916648
284.9342378315072
284.9342378315165
283.2392764488979
274.1190703643005
284.93423783150376
286.1402844720018
283.50655613819066
284.51821224774767
286.53619489204544
290.4158133509393
284.93423783151184
-211.38687215340235
285.309629659115
-211.38687215339934
-204.05672767384914
285.0362470909118
-236.40341894290012
278.69574294110276
282.42270202378313
284.9342378315035
284.9342378315131
-203.2726738735082
-204.80506354749625
-215.70330622427954
285.28907951782287
-204.80506354749673
-209.57857357700226
284.94480743331536
-212.21779547153346
284.9342378315153
284.9342378315099
-235.43721669996222
-218.45697367794457
-204.80506354749633
-204.05672767384937
-218.21551842057895
284.69216510378124
284.93423783150854
293.43761957059627
281.10435585136537
283.779744973153
-207.5452647855559
285.8787112756492
-209.30537387225036
286.22859562172977
266.1213559879516
255.60295133888985
283.3806501865097
283.1341834633903
286.2931529447997
-214.4731811139961
-215.35832013477867
280.8983243344795
285.5902673227017
-210.28988326531532
285.4840996788347
284.9342378315073
-209.57857357700163
-207.5452647855579
285.2890795178168
-209.69971569219905
276.32618122742645
284.93423783150894
-212.75921033978454
-206.96638894709042
-204.8050635474969
295.99934376800985
284.9448074333134
295.3864524395831
-204.44107272721118
-204.8050635474978
293.43761957059326
-204.44107272721047
-214.76094240494837
292.8580437761391
293.4376195705967
293.43761957059536
293.43761957059644
293.437619570594
-206.44394179085484
294.7428199247836
-206.44394179085663
-207.54526478555664
293.4376195705941
-208.5260476085221
294.262049481097
289.3585612690257
276.0717143183452
278.4349298568387
294.26024407740334
-204.0567276738494
293.7341899656444
-212.21779547153932
262.3308581152904
284.14461676751375
295.1902672359972
285.8823856262165
-211.7811996756556
-210.0036279343609
287.24134900929533
-258.69559014725127
285.8823856262181
284.70354935462376
-216.90151108035286
293.139323390408
-217.60188914491664
-208.17685340002413
261.54863569373265
-208.1768534000274
-208.17685340002996
293.43761957059235
-215.1211965389915
286.98036705586316
-207.54526478556272
-208.17685340002745
-208.17685340002802
285.2890795177991
295.7394465694042
295.99934376800996
295.9993437680098
-204.80506354749792
-208.17685340002572
293.43761957059377
295.99934376800996
-203.89702611522964
-208.17685340002785
-204.44107272720834
293.4195209264414
295.9993437680099
290.4303790215204
295.99934376800945
286.2059269692286
-204.4410727272105
-211.38687215340352
-208.1768534000282
-210.04558520316252
295.99934376800985
295.99934376800957
295.99934376800934
295.99934376800866
295.9993437680091
295.7394465694037
-210.0775720490934
284.67277707476114
294.7428199247793
-218.2437145428124
284.6195537544509
285.882385626218
285.88238562621734
-216.65708990898332
285.8823856262138
273.6170464430683
-211.05480044361633
284.6432531815117
278.59516848658586
-210.28988326532286
285.59026732268893
285.29597840151627
285.7450162004862
-210.07757204909586
-201.96220430624075
285.590267322682
285.5902673226912
283.79233968120235
263.4195348737711
283.1341834633736
-214.47318111400995
-204.44107272721
-214.40973267731977
283.12705814695113
-205.2023857670392
285.59026732268273
-221.1783414293722
284.52358926854714
283.2149270729725
295.73944656940324
285.4120310397919
-216.73166397780247
265.8784912025533
285.7119976861287
285.214503387549
269.8301573935383
277.27882151830494
284.64325318150304
284.6432531814988
284.6432531815009
283.5108314705263
295.7394465694028
270.8728484144127
285.0634334392244
284.83051421406503
284.83051421406554
284.5830808266683
285.117301519874
294.9500468430587
285.2145033875603
285.2145033875519
-218.9280403362089
-209.62992783655935
-218.82122334390652
272.681133650957
-211.03877189015435
-217.3974421293804
-219.3151462987058
285.4120310397913
273.5002524713631
285.88238562622115
285.8823856262114
285.88238562620273
-214.3768008126351
284.64325318150463
284.64325318149906
-204.8050635474998
285.88238562621024
288.87231306360036
279.13766053916015
-210.0036279343676
-218.71863635996093
250.4887730986515
284.8570419391772
-208.07305166582387
284.83051421404684
295.7394465694025
295.73944656940347
279.5650219529069
288.778195309136
260.6722616100412
295.7394465694028
296.14554832702305
287.04187262032684
295.73944656940245
295.7955423222519
295.73944656940193
295.7394465694016
-210.45155289103135
-203.62232974712592
295.7394465694015
295.7394465694031
286.19642434380705
287.3529997706576
295.7394465694025
-204.4410727272104
-207.18889909991594
-219.76904426903906
-219.9408260738043
267.8570301236022
295.73944656940205
268.77705671441896
-207.62845077188138
-211.53534442793938
-210.60201211163633
-214.9297210335946
-202.9839271015259
284.8059899262459
295.7394465694019
295.99934376800763
-226.91850302883225
285.71199768612746
295.99934376800815
295.7394465694014
295.9993437680083
288.11717145393993
295.999343768007
278.80771169194355
288.16908662383526
295.9993437680078
295.9993437680082
295.7394465694028
288.2149712706404
295.7394465694011
295.9993437680079
295.99934376800775
286.66971393358386
295.73944656940233
295.73944656940205
295.73944656940193
288.90115890177987
296.1029738847687
295.7394465694008
295.99934376800763
295.9993437680073
289.2769411002015
-205.68535137895927
-213.6688645834178
-207.1843505165362
282.7278434327838
-210.68244336744303
-209.54262553584667
285.8559587914428
288.52408895706725
295.73944656940034
295.7394465694014
-224.34700563542208
-208.07305166582483
283.28639267065984
295.869353926798
295.73944656940193
295.7394465694018
295.73944656940085
-220.6912085867942
-219.94082607379846
282.5281454978248
295.73944656940176
282.18496729467125
288.7207993684928
286.6972514787508
-237.74060790296554
-209.95829411036132
-207.1843505165351
285.88238562619944
289.532077634045
285.1142857620787
295.7394465694011
296.10297388476727
295.999343768007
290.5595102323525
296.1029738847673
290.430379021514
295.73944656940057
295.7394465694006
-208.48567192000053
-207.18435051653643
293.4376195705839
287.2694754898856
-210.29251367367397
-207.184350516536
293.1393233903963
295.7394465694
-208.7662162560409
284.338526040794
287.9291095455649
295.7394465694011
-217.3958098902674
292.85804377612203
289.2267397119289
290.5155698865107
275.28707063011933
-203.89702611523145
293.4452631469946
286.798191254897
-229.12039748782183
-206.96638894710134
278.062884392196
295.7394465694011
295.73944656940034
-217.6559677665815
259.9139430149786
295.73944656940034
295.7394465694009
295.7394465694001
-216.91845507664328
282.16555522220074
286.6092374235625
295.7394465693993
295.7394465693996
272.11275675296946
295.73944656939943
-207.02672649354778
287.36733163454164
295.7394465694
-211.80477517524693
293.34676771247007
295.7394465693992
295.73944656940023
295.73944656939995
295.7394465694
295.7394465694005
295.7394465693997
-213.74669383181794
293.1393233903988
287.19389403438237
295.7394465694004
295.7394465694
295.7394465693993
-228.6053509860044
293.44526314699294
295.73944656939966
295.73944656939955
296.1029738847679
295.73944656939875
287.7177698354123
295.99934376800604
295.7394465694007
295.7394465694
292.5185781845564
-208.58180768954594
-208.89078331186894
293.44526314699186
287.91071242984526
276.05479863135326
292.729520625374
295.73944656939943
-207.1888990999212
284.8305142140178
287.67178250473324
295.7394465693995
295.73944656939904
289.5723010200913
295.73944656939824
280.29448215099245
285.08733446024837
295.7394465693982
295.73944656939966
295.7394465693993
295.73944656940046
295.73944656939864
286.34881232024355
295.7394465694001
295.7394465694
282.49995629661294
-208.4856719200073
283.82144423552955
288.8823793368406
295.7394465693988
286.38000782883375
295.73944656939915
287.6971156592226
295.7394465693991
295.739446569399
295.7394465693985
295.73944656939995
289.4306428135054
287.89017396515584
282.5339994953073
295.73944656939824
295.7394465693984
295.7394465693983
295.7394465693985
296.16587933610947
-210.2898832653292
-210.35758691226366
292.4138302160855
289.56118908542237
295.73944656939835
296.06173698854855
295.73944656939796
284.91706070544456
-211.36550397569656
-210.35758691226732
-208.38772683803626
283.1064283357879
285.67617003034235
-225.37003651040294
286.8390406312195
-218.02852456309822
284.87214091938193
288.6226613323472
295.7394465693991
295.739446569399
283.16554369241334
295.73944656939904
295.73944656939955
295.73944656939875
288.8465899947604
295.7394465693983
288.52840407058505
295.73944656939915
295.73944656939943
286.8942727094527
295.73944656939824
295.73944656939886
288.900677713778
295.7394465693993
288.2573160595274
295.739446569398
295.73944656939915
295.73944656939847
295.739446569399
270.6544337288849
288.1707872634701
295.73944656939864
-208.4856719199975
286.7832641941598
286.62204038418275
295.73944656939886
295.73944656939705
295.7394465693983
284.02050292727563
295.7394465693983
295.7394465693982
296.1029738847662
295.739446569398
286.50460209668114
295.7394465693977
295.7394465693991
-209.45692607621962
-208.43887913711114
-210.35758691227073
-208.25700186964855
295.7394465693977
287.3881288801907
295.7394465693977
-205.70213355553108
-209.95829411037315
-209.41363434444463
-209.12903601093834
-209.12903601094118
-209.12903601094027
-209.2376660912611
-207.18435051653643
-209.12903601093734
289.1024902271983
-208.5971639924803
-209.2376660912604
285.18730724441843
276.6892361284622
295.4916871797113
289.56118908542413
289.56118908542095
-213.55357116360773
285.00217545078226
289.38676543334077
289.56118908542743
289.5611890854177
287.24622802186354
-208.0124001009998
-214.67943256933125
-210.36320920652324
295.19026723598756
-214.86175290176618
278.8784314557684
288.5628344945084
286.8339219380877
289.56118908543465
289.5611890854274
289.56118908542345
282.2945768294232
289.56118908542453
289.5611890854313
288.32156172899045
289.5611890854322
295.73944656939824
-214.05721383403218
288.5377785052171
289.56118908543203
-214.0101343329628
-217.8672567743357
284.3427551196057
289.5605786069861
287.510452973876
-234.295812432911
283.9814667238819
-208.52604760853814
-211.73341877995588
-209.1290360109391
-250.00065768654335
-209.12903601093876
-209.1290360109404
280.172345001851
287.1938940343825
289.5611890854283
288.95036379673724
289.5611890854332
289.56118908543414
-212.4156304501768
-209.12903601093888
285.0021754507912
-225.14905198834106
271.7442439109784
268.20197025347795
296.04640563357526
286.7288733422479
-210.91751269488105
285.0021754507865
289.8639199393546
288.05519727623334
290.2113455269296
289.56118908542874
289.40341325125536
-210.63352773065785
-207.9899934887856
292.11871743692177
296.0464056335752
287.37177935052387
-211.3868721534253
284.6251893010026
289.56118908542095
289.96482281284517
286.65922794522237
289.5611890854318
286.2978739164441
279.0945801591568
280.7523630026235
288.4930808155089
289.5611890854292
288.6803323758273
278.19872872639326
295.7394465693964
289.71543172326113
-208.48567192000073
287.7932336330166
286.4029761546662
-207.18889909992595
285.3773436168741
287.50418800640955
-210.40356966615286
-208.01247130358487
284.78999603354816
286.3822996261566
-217.14600216028887
285.53791265703194
289.5611890854289
277.9304456836089
293.7205903736045
-225.04340921966696
289.5611890854369
289.5611890854356
289.76263765101726
272.2732209182908
289.8366220575305
295.7394465693958
289.5611890854266
288.2504715355322
289.56118908542817
286.66746453942636
289.56118908541987
287.75252697701586
-211.36550397569823
279.9766666486064
286.932738312678
289.5611890854246
-210.63352773065597
283.97871417449505
288.8114326652201
289.561189085429
289.5319694581908
286.03202324941503
288.8549973704668
289.56118908542834
294.2602440773861
296.04640563357515
288.2640343243664
289.5611890854271
289.5611890854352
283.5585358755937
-205.68535137896245
274.29054182411954
289.5611890854355
289.33422689787693
295.7394465693958
289.5611890854296
289.18064691972023
-207.18889909992683
286.5457741559744
288.3857793148758
295.7394465693959
295.7394465693966
295.7394465693956
295.7394465693973
295.73944656939614
288.01011014676976
295.7394465693961
-216.22165299319403
287.9064972197488
295.7394465693956
295.73944656939534
296.1455483270197
295.7394465693952
295.7394465693945
295.7394465693955
295.73944656939466
295.7394465693952
295.739446569395
295.73944656939517
295.7394465693941
-216.21873334990232
294.5682209059899
-215.96921523556458
-207.38360033836406
-204.80506354750412
-205.70213355553483
294.16024074553866
295.7394465693956
295.7394465693959
296.1189820403777
295.7394465693947
295.73944656939483
289.81795876836463
285.9612211130202
295.7394465693954
289.3501101319604
281.0123124978161
295.7394465693949
295.7394465693948
295.73944656939494
295.739446569395
295.7394465693949
-215.80972212042008
286.40275286381393
-208.13831086367955
288.7922899249101
295.7394465693958
278.4438092144967
287.79409965994085
287.4774241341528
273.1453468598821
279.7557953617665
295.73944656939426
295.7394465693947
275.25724113565485
295.73944656939506
286.9752454868755
273.9002235314544
-209.47737059939718
284.87983959362214
288.0948735161607
295.739446569395
295.92274462558356
295.92274462558447
277.4074888264602
275.60031160558634
289.2411767238939
289.9328110782563
286.4803820500251
295.73944656939364
283.63303440842736
288.194968860661
288.0609248958356
295.7394465693952
288.1467901121139
295.7394465693944
295.73944656939426
259.3922092112608
282.70772368658083
295.7394465693954
295.73944656939557
289.2591715797068
287.1561835539726
288.19496886065275
295.7394465693942
295.7394465693945
287.6719161472393
284.11209077827186
295.73944656939494
285.1291579744462
-214.3847626456244
288.16021288886265
288.0346553239979
288.2777775966595
295.99934376800195
295.73944656939494
288.18857408512633
-209.12903601094104
284.1924890282252
295.73944656939403
289.4580614858415
295.73944656939557
286.6092374235609
295.7394465693943
295.9993437680025
295.73944656939415
287.6974760205815
289.25238413212
280.8367876449243
295.739446569394
295.73944656939375
295.73944656939386
295.73944656939386
289.89390680004254
245.85947549323603
265.76441775749504
285.00217545078664
279.41967840839493
295.7394465693943
295.7394465693946
295.7394465693932
280.08490440592465
295.7394465693943
295.73944656939426
286.54122185765004
287.21768233487325
273.881144967543
-202.3155951766485
295.789814371373
287.13546099627075
295.7394465693943
295.7394465693937
295.92274462558413
295.73944656939415
295.73944656939284
295.7394465693934
287.69238138978346
295.5913498209649
295.73944656939466
287.18456141390027
288.7765321605625
295.73944656939295
288.21961855019566
295.739446569393
295.56576190792134
293.7730874606318
295.42494861419215
-203.2726738735081
-210.0470622455922
285.0174598505043
295.31390297974673
295.31390297974394
295.7394465693944
295.4311395911344
295.7394465693923
285.41764314464876
286.42687347885874
295.73944656939193
295.73944656939403
284.06907137400515
295.43113959113595
295.7394465693927
295.9993437680005
295.7394465693919
277.71022133798255
-214.0991346852225
283.7892016261194
295.73944656939335
295.7394465693923
295.7394465693934
295.73944656939284
295.38330337444614
295.73944656939335
287.7449545309269
295.73944656939386
-229.13642354587958
-207.5982656130199
275.5846543803676
280.59541314310536
295.73944656939193
295.7394465693923
-204.44107272721234
285.0021754507805
295.9993437680002
286.1679175578312
287.23295990671704
295.7394465693932
295.7394465693931
295.73944656939346
295.73944656939244
261.12666883733755
264.6560742237821
295.7394465693924
-209.31341120990334
285.30439423448263
295.99934376800127
295.7394465693929
266.7732021062103
295.7394465693916
295.73944656939267
269.90748616062956
295.739446569392
296.04640563357174
295.7394465693933
287.07028006754786
295.7394465693919
256.8873002996328
261.945507236594
295.73944656939227
273.42908262222625
275.66852047911425
295.73944656939267
295.7394465693932
295.7394465693929
295.7394465693927
295.7394465693912
286.34766066961146
295.9993437680017
295.7394465693916
295.83429710289715
295.49028102082406
295.7394465693916
295.7394465693921
295.7394465693924
295.73944656939227
295.7394465693923
295.73944656939216
288.17973270795284
295.7394465693908
295.73944656939216
295.73944656939244
295.7394465693933
278.082317380769
295.7394465693932
295.7394465693913
295.7394465693922
295.7394465693932
295.73944656939153
295.73944656939204
278.7519164337925
295.73944656939204
295.7394465693921
287.78755484786785
295.739446569392
287.98064026403324
295.73944656939165
-210.69411740396737
-203.75981616653786
286.99192760725214
295.7394465693915
295.99934376799985
295.7394465693918
-204.44107272720748
284.0690713740084
295.73944656939165
295.56576190792055
285.08720259342124
257.7499965138702
295.73944656939125
295.7394465693921
286.0365646792092
295.73944656939216
-203.30008423899227
295.73944656939216
274.7284097155672
295.7394465693917
295.73944656939085
286.75817421951695
295.7394465693915
275.65865592914474
295.6212217543923
295.7394465693927
296.1064508965651
286.72997692404005
295.73944656939176
279.2542751526457
295.7394465693911
295.73944656939256
295.73944656939136
295.73944656939227
273.6771595398585
295.99934376800104
295.7394465693922
284.67098441070766
295.73944656939153
279.54242186065073
287.78755484787155
286.69090060735965
296.10645089656504
295.7394465693907
288.3953847076055
271.1087849343639
287.5924122848848
286.78263187497174
295.7394465693906
295.7394465693906
287.5714688715531
-207.69282984221573
296.071772784917
288.7107682379648
295.7394465693908
286.5867181024479
295.7394465693909
275.67231427295246
-216.29131246653338
284.0690713739926
295.7394465693912
274.6748784918823
284.0690713739927
295.7394465693909
296.1455483270179
295.7394465693899
295.7394465693917
295.73944656939045
277.4163000694914
295.7394465693921
295.73944656939085
287.27097400276074
295.7394465693916
-216.2218856253759
273.32007862204966
296.0888983192381
295.7394465693907
295.7394465693912
295.7394465693905
295.5657619079181
282.8212798694601
295.7394465693907
287.592602511466
295.73944656939057
295.7394465693913
279.9115922148059
282.7275858429942
295.739446569391
295.73944656939113
295.49028102082156
-208.37032840871416
-208.07305166584436
282.82127986946784
295.7394465693907
295.5657619079184
295.7394465693896
276.8436799124792
296.10297388476226
288.2372350897666
295.73944656939085
295.73944656939
285.35539456547315
295.73944656939125
283.82978005652274
285.47502876765253
295.7394465693916
295.7394465693907
287.65928004993447
295.7394465693904
268.8607755436012
295.7394465693903
260.054588385972
268.953873349753
-209.3692969990234
274.0667775837105
295.7394465693908
295.73944656939017
295.73944656939074
295.7394465693908
285.9652466697805
295.739446569391
295.73944656939085
295.73944656939057
295.73944656939113
295.73944656939034
295.73944656939034
284.3373934427281
295.73944656939045
295.7394465693907
295.7394465693902
295.999343767999
295.739446569389
295.73944656939005
295.08495095916106
295.73944656939113
295.7394465693911
295.73944656939096
272.91962027885825
295.73944656938977
295.99934376799837
-205.6853513789624
282.821279869456
295.73944656938926
295.73944656939057
-225.5537434676673
-205.94007447292557
282.82127986946483
295.7394465693909
285.65661215538796
295.73944656939034
288.24782248447735
285.35539456547576
295.7394465693904
295.73944656938994
259.34486293809937
267.59181844895414
295.7394465693895
295.73944656938954
295.7394465693893
295.73944656938966
283.68562681103725
295.73944656939057
295.7394465693895
265.55748317181707
295.7394465693898
-212.325993688324
284.06907137399423
295.7394465693892
295.7394465693898
269.2721579927927
295.7394465693888
295.73944656938966
295.73944656938977
246.51559426027046
286.82191510178393
-209.48868796978968
-208.7872518810387
265.99955853799986
277.3874931806438
286.8369174161574
295.7394465693889
295.7394465693894
295.73944656938966
295.7394465693902
295.73944656939045
-217.86538979159897
281.9908738265949
286.2363609310268
295.73944656939045
282.5628795207171
287.50950127206136
278.34394822947723
277.3793936020057
284.24805089013745
295.73944656938943
295.739446569389
295.73944656938875
295.7394465693908
288.16085375373456
295.99934376799797
295.7394465693894
-207.59826561302683
285.064747431379
287.1721191357856
295.73944656938875
295.73944656938903
295.7394465693899
295.7394465693889
295.73944656938903
295.73944656938767
295.99934376799797
295.7394465693887
261.25663128375606
285.8617887951823
295.73944656938886
257.738629320433
287.86525732992385
295.73944656938863
-204.44107272721294
-210.24188652939273
282.82127986946006
295.99934376799786
279.888106466385
295.739446569389
296.10297388476056
295.7394465693885
279.6494223300759
295.73944656938914
286.9919276072244
279.83937991995583
288.0454598058125
-204.4410727272163
273.81069432361824
295.73944656938875
295.7394465693893
295.7394465693881
295.99934376799746
286.65519721838774
295.7394465693887
272.3399381589172
295.7394465693888
295.7394465693887
287.2038240385167
284.1179690721006
295.7394465693885
295.73944656938863
295.7394465693887
295.73944656938795
295.73944656938943
295.73944656938727
287.01347360110384
283.3468947636229
295.7394465693881
-227.04539689455066
287.46219029601224
283.8479481859748
286.83691741615417
-208.28740722412783
277.59408184718006
287.67555517768375
295.73944656938824
286.72406263394436
289.33732588417524
285.9777661985768
295.7394465693876
286.9675601291254
277.1261575441175
286.44572117357313
295.7394465693883
295.73944656938755
295.7394465693882
295.73944656938824
295.7394465693882
-204.98209797788397
-212.32599368832683
282.82127986945005
295.7394465693864
295.7394465693872
295.73944656938744
286.985289518926
295.7394465693886
295.73944656938795
287.9069904713808
295.73944656938806
288.2614512811042
296.0464056335684
295.73944656938653
287.0044250248957
286.13563395739953
296.10297388476056
295.7394465693856
296.10297388476016
296.0888983192351
286.4457211735727
-214.60973953528983
275.40420980442894
295.73944656938806
295.7394465693875
295.7394465693875
286.8371894763298
295.9993437679966
285.35539456546115
295.73944656938784
286.0075765324215
295.7394465693872
295.99934376799627
-201.07497037281405
283.10728688108105
280.6395721451943
295.73944656938704
288.43732002897974
295.7394465693877
286.4389036654335
295.739446569388
295.73944656938676
284.8015476631476
295.73944656938755
286.8973449331014
287.93652890134035
295.73944656938767
295.7394465693871
289.8892441554891
295.73944656938727
276.01061102051824
277.2964824513972
295.7394465693872
295.7394465693865
295.73944656938704
295.7394465693863
-203.27267387350992
290.27146692030124
295.7394465693864
295.73944656938716
296.0464056335669
-211.85888483118234
-207.5982656130333
283.5849941464961
295.7394465693864
-222.09534267788956
283.1072868810688
295.7394465693863
295.7394465693861
286.83791936015814
295.73944656938613
295.73944656938494
295.73944656938687
295.73944656938545
296.11612798291816
-208.94802066353358
-209.87560247565315
283.7892016260789
285.35539456545973
269.40477833089574
285.38490157495966
295.73944656938573
295.7394465693852
295.7394465693864
287.7054069084052
287.9359899865151
286.61088904508813
295.73944656938573
295.7394465693856
288.16085375372865
287.71890966976906
-207.59826561303504
285.6102196067168
295.73944656938585
-212.90757985967156
-207.59826561303495
-205.20238576705447
293.7982000780128
285.9391650269614
295.7394465693867
295.73944656938494
-212.14186794396272
265.8544093603422
285.93916502695544
-207.8892793194809
283.84794818596305
295.73944656938545
295.7394465693853
295.73944656938613
295.7394465693852
-205.68535137896316
285.02046424891466
284.90363745059113
295.7394465693856
289.37311526366955
295.7394465693846
295.7394465693841
295.7394465693853
295.7394465693842
295.73944656938477
295.73944656938426
-208.23011014320022
-207.59965757775626
283.8479481859707
285.0288206484906
295.739446569384
295.73944656938426
295.7394465693856
277.3042364712726
295.7394465693856
295.739446569385
285.93916502695646
295.73944656938465
295.73944656938517
295.7394465693853
295.7394465693849
-202.15813815568166
-209.12903601096252
-209.32415518772885
286.83691741615576
295.7394465693845
287.67555517766834
-215.21032703784581
283.84794818596936
295.7394465693853
295.7394465693861
295.7394465693845
295.739446569385
-212.93767547936974
274.99719236501255
295.73944656938465
287.1685067106297
295.73944656938465
295.739446569385
287.6152565847089
288.34713769862446
295.73944656938494
285.09370886547566
295.73944656938454
295.739446569385
295.7394465693854
295.7394465693845
292.18130450933285
296.0717727849115
295.7394465693847
295.7394465693842
295.7394465693844
-204.44107272721314
283.7892016260714
295.73944656938505
295.7394465693838
288.0454598058161
295.7394465693855
284.8218669995512
295.73944656938534
295.73944656938613
295.7394465693844
295.739446569385
-208.0124713036119
-210.24188652940256
-208.37032840872402
284.1145834394211
-212.10829530675022
293.02712282878684
-208.3909432557978
-209.23766609129004
283.84794818596686
295.7394465693832
286.4862494815617
-212.29225783279045
285.0021754507439
-208.71006784617586
285.499376512826
285.5659926549881
284.40207221469365
295.73944656938437
295.73944656938374
-205.685351378964
-205.94007447293157
284.0690713739576
281.72140488736835
295.73944656938454
283.22111937583503
295.7394465693841
284.7082706324937
295.7394465693839
-210.16210744415548
283.7892016260722
295.73944656938323
287.70540690840943
295.73944656938414
295.7394465693843
295.7394465693836
287.67555517768494
295.7394465693836
283.68869321768847
296.1455483270151
284.01041550348907
296.04640563356605
288.5389363096358
295.73944656938306
295.73944656938414
296.04640563356577
287.1108550652261
295.73944656938346
-204.44107272721416
283.78920162608557
295.7394465693845
285.35539456545416
287.06309103351106
295.7394465693835
295.73944656938335
295.7394465693831
295.86935392679146
287.93598998648616
295.73944656938335
295.7394465693835
295.7394465693833
295.7394465693834
284.65905522045387
295.73944656938437
-202.31559517664934
-214.08311176852442
-205.94007447292717
283.7892016260732
279.3768529065834
286.5280125048664
295.73944656938306
295.7394465693834
288.34713769862964
268.38761258663027
295.7394465693834
295.73944656938323
286.0743264753349
287.6375820719462
296.04640563356554
-205.68535137896305
285.49937651282187
-208.525336386252
283.76090860294636
296.0464056335649
284.82186699954246
295.73944656938374
295.7394465693831
288.324487159149
-205.68535137896208
281.65494311187985
295.7394465693834
295.7394465693842
295.7394465693834
296.04640563356537
295.7394465693837
286.5036981386913
295.7394465693822
285.125161637353
295.7394465693827
284.3674481326994
295.4659376985337
-202.15813815568072
286.729895621821
295.7394465693829
295.73944656938306
295.73944656938363
295.7394465693835
295.73944656938204
286.83791936015297
284.8397339518772
296.1455483270149
-202.3155951766495
285.0021754507416
287.3496176277941
295.7394465693843
296.0464056335648
287.3252796974604
-203.89702611524228
288.28820978184285
295.7394465693826
286.95581068641366
286.1994136060006
-209.57407716304897
282.9901635763286
295.7394465693828
295.7394465693825
295.7394465693828
288.3244871591498
295.7394465693835
295.73944656938215
286.88132819376926
288.04545980580747
295.73944656938335
295.73944656938363
295.7394465693835
295.73944656938284
295.7394465693832
295.739446569383
295.73944656938227
295.73944656938187
295.73944656938295
-209.283382414127
-205.2023857670584
-214.9126241622485
-215.75461899146723
283.7609086029319
288.3953847075893
287.88880722086384
295.73944656938136
296.10297388475675
295.73944656938204
285.35539456544115
285.3922278735969
-222.09413612042107
-204.44107272721135
-205.94007447292847
283.7609086029339
295.73944656938147
295.7394465693823
295.73944656938244
295.739446569382
285.67921621836956
-205.68535137896234
-211.84635678723714
-210.16210744415866
-217.4520235260714
285.11730151975775
295.7394465693823
295.7394465693825
287.61379725915117
295.7394465693835
284.28308422040976
295.73944656938266
274.0694944088489
295.73944656938266
295.73944656938306
-223.7569439530793
283.9198216688642
282.99016357633445
295.73944656938176
295.7394465693821
295.7394465693823
286.5850622385002
295.7394465693826
295.9993437679925
295.73944656938136
295.7394465693824
281.159962893912
295.7394465693822
-207.5982656130413
287.8043909462397
287.0342647011027
284.5492182013246
295.73944656938176
295.7394465693826
295.73944656938244
295.7394465693823
295.7394465693817
285.495968088894
283.92345017138985
285.1251616373509
293.02712282877565
295.7394465693801
-204.44107272721337
285.0230683297524
295.7394465693816
295.73944656938073
295.7394465693815
295.73944656938136
288.7511027811487
287.40475213679565
295.73944656938073
295.7394465693803
295.7394465693815
295.7394465693812
287.5464120796838
283.76541954565994
285.9391650269489
295.7394465693821
295.73944656938204
295.7394465693824
295.7394465693813
295.7394465693811
-206.75053443780402
284.17773782555554
278.80432589093107
295.7394465693815
295.73944656938124
295.7394465693819
287.4141427196839
295.73944656938045
295.73944656938113
295.7394465693821
287.869885568197
-209.71508235403172
284.79602762948576
295.73944656938176
295.73944656938056
295.739446569381
288.4861137130167
287.99865466413627
295.739446569382
295.73944656938096
295.73944656938215
289.3950575275683
295.7394465693812
287.9780576486395
287.88880722086486
289.0753850975208
295.73944656938147
295.73944656938033
-209.12903601097312
-204.80506354751438
283.7609086029312
295.7394465693814
295.7394465693806
283.7822603760296
295.7394465693812
295.73944656938056
-213.15366614639893
292.16096143950386
-206.60284615854727
284.1161858606229
273.3980372872771
-209.04012133281208
287.2925626398451
295.7394465693812
295.7394465693807
281.29615266876533
295.73944656938016
295.7394465693816
287.16190952400734
281.71261635954403
287.3928487895115
285.66851350703115
283.7609086029263
295.7394465693813
295.73944656938033
295.73944656938085
295.7394465693808
296.10297388475533
295.73944656937994
287.57362526471184
295.73944656938
295.7394465693805
286.485465552277
288.1648784727761
295.7394465693799
-205.68535137896214
283.7609086029351
295.73944656938073
295.7394465693799
-208.28740722412812
-214.94643179229786
276.5326157361364
295.7394465693801
284.1608663889038
295.7394465693799
295.7394465693801
-208.37032840873798
281.49152989060514
284.3768170843417
295.73944656937965
287.92361751442496
295.73944656938096
295.7394465693807
295.7394465693805
285.0647474313276
295.7394465693801
295.7394465693793
295.7394465693803
286.6703118354458
295.739446569381
295.73944656938045
295.7394465693805
296.10297388475533
296.04640563356367
295.73944656937937
295.73944656938
-211.2824407597024
274.5518764169836
287.7311322197007
295.7394465693802
295.73944656938016
296.1029738847556
-205.88110812093117
-208.07305166586042
-208.0124713036224
-210.44539324057007
-209.0793570439181
275.0305469982495
295.9993437679903
295.73944656938005
295.73944656937977
295.73944656938045
295.7394465693788
276.323650118886
-211.22565359648632
294.7428199247256
283.76090860291873
295.7394465693797
295.739446569379
295.73944656937874
295.7394465693788
295.7394465693785
277.1443558794436
295.73944656937925
-205.68535137896453
-208.4388791371506
283.7609086029221
295.7394465693788
276.7224335181399
-211.71151455262833
275.12047120793557
286.75493710329437
296.1455483270125
295.7394465693785
295.7394465693787
296.04640563356133
296.0464056335621
287.1132558932891
295.7394465693783
295.7394465693798
285.17547668128276
-208.28740722413175
283.23543758593786
295.7394465693786
295.73944656937823
287.6703881966458
295.7394465693788
283.76090860292464
295.7394465693789
285.6024361480068
295.73944656937834
287.50846151555015
295.7394465693786
287.5782530719995
295.7394465693794
295.73944656937965
295.73944656937914
295.73944656937886
295.739446569378
296.046405633562
295.73944656937863
-205.6853513789616
283.76090860291606
-204.44107272721354
293.0271228287654
-211.4993893133882
-210.16210744416836
283.76090860291663
287.8888072208573
295.73944656937914
282.7042194549389
295.7394465693796
295.73944656937965
295.73944656937897
295.73944656937726
295.7394465693782
285.16312696733564
295.73944656937783
285.35539456542637
-204.4410727272122
-208.07305166586465
283.7609086029146
295.7394465693788
295.7394465693792
283.76090860290475
277.32540663784243
295.7394465693795
296.0888983192289
295.7394465693796
287.65183426232096
295.73944656937874
-212.53281483077237
-210.36320920656965
-205.20238576705782
-209.0997930977727
-211.84635678725257
283.760908602917
295.73944656937795
287.9097579702351
295.73944656937914
296.0464056335624
295.7394465693786
296.0464056335625
295.73944656937726
295.73944656937783
295.7394465693776
296.0464056335615
296.10297388475385
295.739446569378
-210.74665837094284
-212.36034640384182
-209.92402613992144
283.2460848841784
295.7394465693766
284.2623371959076
295.7394465693783
282.5258194048049
287.54534771746876
295.999343767989
295.739446569378
284.1569682084974
296.14554832701316
295.7394465693777
295.7394465693773
-214.00176722941342
-212.68039996935258
283.76090860291794
295.73944656937715
284.65590638801365
295.73944656937795
296.1029738847546
285.118883740885
295.7394465693783
295.7394465693779
295.5657619079093
285.1754766812745
295.7394465693768
295.7394465693784
295.73944656937766
295.999343767989
272.66582437240686
295.7394465693774
295.7394465693775
295.7394465693767
286.3281838624174
-210.24188652942496
-208.98689559482102
283.7892016260452
296.0436817002631
295.7394465693779
295.7394465693776
295.7394465693782
287.5271527430486
286.9247342274412
295.73944656937755
296.0436817002622
295.7394465693774
285.8691020583384
295.7394465693776
295.7394465693767
295.73944656937647
296.0464056335609
296.1029738847536
295.8715960320572
295.7394465693764
296.04640563356133
287.6227598181732
295.73944656937726
295.73944656937664
296.04640563356133
288.20864562233055
296.04640563356054
296.0464056335608
-209.71508235403476
286.9991009194123
286.75493710327476
295.7394465693764
286.6307613142635
-206.44394179089417
-205.6853513789644
283.7892016260436
295.7394465693764
296.15533185689475
295.9993437679887
295.7394465693762
-212.45069718191343
285.67921621834444
295.7394465693765
296.1029738847536
295.7394465693764
295.7394465693763
295.7394465693774
285.32590902961994
295.739446569377
287.6307345818331
296.04640563356105
295.7394465693764
287.78755484781425
296.04640563356
296.15716478591827
296.046405633561
295.73944656937664
296.0464056335601
295.7394465693767
282.5967123563567
295.73944656937687
275.99692359740567
295.7394465693761
288.9610788125605
286.9241007227748
-210.04706224564416
-210.241886529431
284.04532755326665
285.1188837408693
296.04640563356145
-211.5437460755773
278.75175052860004
295.7394465693757
-209.71508235403675
282.5625400408284
296.1455483270119
295.8625565689452
296.04640563356105
295.7394465693771
-204.4410727272147
287.9404146942716
295.73944656937545
295.73944656937533
-201.07497037281465
-213.19015670862012
276.0359860160215
295.7394465693753
-205.68535137896572
-208.43887913715386
282.9901635762982
295.73944656937465
-208.28740722413488
-217.0704109946283
283.76090860289844
295.73944656937573
295.7394465693758
295.7394465693755
295.73944656937505
295.7394465693752
-212.1082953067709
-212.095861492789
276.38441276283413
287.3528836532791
295.7394465693754
-213.759746296545
-210.16210744418007
283.76090860289804
295.7394465693748
296.0464056335594
295.7394465693758
285.40536803738155
296.102973884753
295.73944656937493
296.04640563355946
295.73944656937556
296.04640563356025
296.1029738847526
295.7394465693751
-209.71508235404013
283.7609086029024
295.7394465693752
287.5453477174491
296.1029738847514
286.9708882440836
295.7394465693747
279.61586672553807
296.0464056335599
295.99934376798734
296.1029738847521
279.6280241588026
296.04640563355946
283.76090860289423
-213.75974629654732
-201.07497037281487
-211.84635678726227
283.85295159516653
295.7394465693759
295.7394465693739
295.73944656937454
295.7394465693738
295.73944656937385
295.73944656937516
295.7394465693747
295.9993437679868
286.8143833573836
296.1029738847521
295.7394465693738
285.888799087125
295.739446569374
295.73944656937385
288.4421215271709
295.73944656937374
295.999343767986
287.7875548478072
295.7394465693745
278.3448968928672
296.1455483270111
295.7394465693743
295.73944656937505
295.7394465693741
-210.16210744417228
295.77545862177607
295.73944656937465
283.3757765167005
295.7394465693737
295.7394465693737
295.73944656937397
295.73944656937425
295.7394465693739
295.7394465693742
296.04640563355974
295.73944656937334
295.7394465693742
295.73944656937357
296.0464056335593
295.7394465693741
296.1029738847522
288.2899004737322
295.73944656937397
295.73944656937255
295.77545862177635
295.7394465693735
277.14435587943126
-204.0567276738633
284.1800770222444
286.9827921667954
295.99934376798547
295.73944656937385
295.73944656937505
287.71501635863865
-209.71508235403817
283.7609086029001
-208.58341828668895
283.76090860290475
295.7394465693752
295.7394465693742
295.7394465693734
295.73944656937385
295.739446569373
295.73944656937425
296.1029738847521
295.73944656937334
295.7394465693744
296.04640563355804
-215.44114579779375
283.7609086028951
274.7337948565894
-201.6654412015832
-221.80543455086848
269.68579335507604
295.7394465693742
-209.28906124002197
283.869168792247
286.506356787743
287.97225558608693
295.99934376798603
-202.15813815568197
283.85295159516187
295.7394465693737
280.3019770481367
296.10297388475146
287.79265614711005
-213.75974629655266
282.5625400408227
295.7394465693734
295.7394465693735
-214.042255580953
283.7892016260243
295.739446569373
286.48546555225784
283.7609086028955
295.73944656937357
295.73944656937283
291.9878694783171
295.73944656937306
295.9993437679859
284.0202845645663
-212.87894023400557
-209.1290360109901
296.1029738847521
278.8130227541436
287.08199855914563
295.8693539267885
295.73944656937385
295.73944656937306
287.4520101300151
-213.75974629655184
284.7127543968257
296.04640563355804
295.7394465693741
287.2358096835182
295.73944656937385
295.73944656937323
295.7394465693738
296.04640563355883
296.14554832701054
295.7394465693731
295.7394465693731
-206.77556203130365
274.40948026727796
295.73944656937226
296.14554832701094
295.739446569373
295.99934376798495
295.7394465693746
278.2574670662525
296.0464056335581
295.73944656937385
295.7394465693733
295.7394465693732
-216.19765653635702
-214.54529140878702
-212.32903023143177
-213.28774466440106
295.4803033464734
295.7394465693735
295.7394465693726
295.73944656937334
295.73944656937294
295.73944656937226
295.73944656937255
295.7394465693736
-214.4237389466068
-201.07497037281465
284.46269255247904
285.89603781840333
296.1029738847517
296.1455483270102
295.73944656937266
-208.37071263037183
-209.41742928654
-207.59826561305957
276.87921220789696
-208.08732890112836
-222.66134762748487
-213.2877446644004
284.39731958625515
296.14554832700975
286.9991009193845
295.7394465693738
296.0464056335579
-205.20238576706012
-209.16661004940417
285.05268974560965
295.73944656937283
295.73944656937283
295.73944656937334
295.73944656937294
295.73944656937243
295.73944656937357
295.73944656937306
295.7394465693734
296.10297388475095
-208.70238289374646
-206.65252395679659
284.3973195862538
296.10297388475095
296.10297388475055
296.04640563355724
295.73944656937164
295.7394465693734
296.04640563355775
296.0464056335571
296.0717727849023
295.73944656937215
296.0464056335575
296.04640563355684
295.73944656937255
296.0464056335585
296.1029738847511
295.7394465693732
296.1455483270101
295.73944656937215
283.34689476354276
284.39731958624975
295.73944656937203
295.7394465693722
286.4389036654092
288.1289366060327
282.2549043190708
287.69024883764394
295.73944656937175
295.7394465693714
296.14554832701015
295.73944656937107
295.7394465693723
295.7394465693726
296.1029738847508
-209.71508235403348
-211.38687215349287
-209.49148289624492
284.39731958624776
295.73944656937215
278.85019865229344
296.1029738847505
286.4086045855754
296.0464056335573
287.2861685101506
296.04640563355764
285.9161792589806
296.0464056335587
295.7394465693725
296.1029738847514
296.0464056335586
295.73944656937164
295.7394465693725
296.0464056335578
296.0464056335584
-214.42373894659866
-213.9771003794424
285.05268974560624
296.1029738847514
-209.12903601099603
285.0021754506999
295.73944656937135
296.0464056335575
283.99401129279903
295.7394465693717
292.96548462243743
295.7394465693712
296.04640563355696
296.0464056335577
288.801942944951
285.89871203946035
-219.37191209107283
-209.49148289624884
-210.46865825505068
-211.38687215350112
284.25020925687744
295.7394465693707
286.9042649052179
288.3915397286898
295.7394465693731
295.739446569372
295.73944656937175
295.73944656937095
295.7394465693717
282.9214689100403
295.73944656937124
295.7394465693721
295.73944656937164
295.73944656937283
296.1029738847509
295.739446569371
288.71755924027934
296.1029738847509
296.10297388475016
295.73944656937033
295.7394465693719
-223.12442935958114
-210.6772063420075
284.6921051234971
285.93916502695157
277.7500517057985
295.739446569372
296.0464056335561
295.73944656937033
295.7394465693709
296.0464056335577
295.7394465693709
295.7394465693713
289.02891056027727
277.8455918141673
-211.32155284111386
277.7420424268938
295.73944656937084
295.7394465693707
295.7394465693695
286.9623543531568
-214.2832342828117
285.39338220187994
-209.71508235403843
-209.1290360109981
286.8407686682446
296.0982824957527
295.73944656937084
296.046405633557
-208.5599405400535
284.6456428666184
296.1029738847506
286.36976188490524
296.1658793360946
281.0328690983329
295.7394465693714
295.73944656937186
286.3697618848933
295.73944656937044
296.1029738847508
295.86255656894065
296.145548327009
-204.4410727272179
-209.1290360109989
271.95775878498597
295.7394465693714
295.73944656937084
296.1029738847497
286.369761884896
295.73944656937033
287.6518342623132
295.7394465693705
287.9457270618882
296.10297388474953
-205.6853513789672
-211.7334187800437
-214.84521449067842
279.9840047032838
265.8522374869073
-214.4237389466109
-223.1821993710163
-208.43887913716827
274.06589194676025
284.3854569502353
295.7394465693712
295.83429710288317
295.7394465693695
296.1029738847496
295.7394465693708
296.1029738847503
296.16587933609446
295.73944656937
295.73944656937005
286.83392193803786
296.1029738847493
279.1358815989188
288.7290139467018
296.1029738847499
-206.87427764540178
284.71275439680954
295.73944656936936
296.10297388475
296.10297388474976
295.73944656936953
-208.58341828668657
285.0926157629782
295.7394465693691
295.7394465693703
295.7394465693702
295.7394465693702
295.73944656936925
287.28284834279344
295.73944656937044
296.1029738847499
296.1029738847489
288.92763788751336
295.73944656936925
285.22539790255297
296.1029738847489
295.73944656937033
289.9221129030525
295.73944656937095
295.73944656937124
286.3697618848902
284.64052641831466
295.7394465693701
288.3241097818251
295.7394465693698
296.10297388474913
288.27690313807693
-205.67773775527502
281.0486635542179
296.1029738847491
-203.5931547686778
295.7754586217713
295.7394465693693
295.73944656936965
-214.718577623324
-208.01247130364354
284.18007702220694
295.7394465693701
295.7394465693697
288.17879821449407
296.1029738847494
285.4004387669243
283.0029145827104
295.7394465693701
286.6052328236975
295.73944656937067
296.1029738847491
276.4326186236513
296.10297388474936
296.10297388474993
296.1029738847497
286.83278346060115
284.3973659075899
287.79393503299895
284.3973195862512
286.2978702934321
296.1029738847497
295.73944656936965
279.4902168188588
296.10297388474885
-209.7150823540381
-209.12903601100018
284.3973195862429
284.5066323215172
296.1029738847491
279.4902168188673
286.1674274374666
286.6592849912204
296.10297388475004
295.7394465693689
296.1029738847487
295.73944656936993
296.10297388474856
284.78053669365534
296.1029738847488
286.6392557932091
295.73944656936897
295.7394465693694
286.67636911958937
295.73944656936817
295.73944656936965
-209.18787178573456
282.3383353044179
295.7394465693685
295.73944656936857
295.73944656936885
295.73944656936914
285.247072842397
296.102973884748
-213.67875916865205
274.783271090204
296.10297388474856
274.19328015812266
295.7394465693686
296.1029738847486
296.10297388474845
286.2978702934335
296.1029738847487
287.9116993974244
-204.82411089323062
285.2640921855869
296.1029738847491
295.739446569368
296.10297388474913
295.73944656936897
295.73944656936857
296.1029738847485
296.10297388474834
295.7394465693684
278.9756946945363
281.64424923146396
-215.65222238583286
-213.9032406533042
286.243413713099
295.7394465693678
295.73944656936885
296.1029738847488
295.73944656936726
295.9993437679815
296.10297388474834
295.7394465693679
295.7394465693677
296.1455483270078
295.7394465693673
295.73944656936857
296.1029738847495
296.10297388474885
296.1029738847484
296.10297388474885
286.31509761319853
286.53639854831397
-214.4237389465961
294.2781451508416
295.7394465693675
295.73944656936965
295.7394465693692
287.31652471234514
-203.90171750424926
295.5937112879101
288.411970632039
295.7394465693684
295.3138479278714
-210.2593960736693
-206.4416937081791
285.22149314762515
280.02606593202336
295.7394465693679
296.145548327009
-204.44107272721487
-210.16799645725146
-210.1832474168471
-207.52123904331557
277.0777981688515
296.15716478591327
295.7394465693689
-209.12964884830734
295.5937112879111
296.1455483270091
295.739446569368
296.1455483270087
295.73944656936726
295.83429710288254
295.7394465693682
295.60707247080506
296.1029738847488
295.73944656936754
284.9487316947638
295.7394465693674
295.7394465693678
283.0874255598944
286.9151931282624
295.73944656936857
295.7394465693674
285.50225766681393
295.7394465693686
295.7394465693675
296.1455483270084
288.0704683511018
296.1029738847482
-214.9228417839963
282.98225790959646
286.56229017664555
295.9993437679814
295.73944656936743
294.40202010756184
280.7203299885236
295.73944656936754
295.7394465693669
295.7394465693659
295.73944656936635
-213.7921822840798
-202.15813815568168
283.0828004120994
295.73944656936766
295.7394465693673
295.73944656936703
295.7394465693659
296.0464056335547
295.73944656936646
295.1902672359403
-211.72277296737988
294.9670100764511
295.9993437679807
295.73944656936595
295.7394465693657
296.1455483270078
295.7394465693668
295.9993437679806
276.7380028754603
295.73944656936624
279.8543669676942
281.9698262499616
295.73944656936555
295.73944656936806
295.73944656936703
278.6322837938618
279.6811974243865
295.7394465693655
-208.74511728037288
294.03585954674764
294.666910516427
293.0763653641876
295.7394465693659
295.73944656936567
295.73944656936743
295.73944656936703
295.7394465693664
282.41100188140155
276.9168806826355
295.73944656936766
295.7394465693665
295.7394465693657
-217.7271916244939
294.85010527549247
289.53045744859133
295.73944656936646
268.02170839916414
-201.66544120158326
294.9670100764515
295.73944656936715
295.7394465693664
295.73944656936675
259.3223625585126
295.73944656936675
285.8062526163798
295.7394465693661
295.7394465693661
289.28194090918527
295.29851936578257
-216.2137498333326
294.96701007645095
295.7394465693655
-202.31559517665139
294.9670100764502
295.7394465693654
294.65379134775804
295.7394465693659
280.0573937913892
288.9753137716854
-213.57755902348237
293.8011269758258
295.7394465693661
281.3796956628708
295.7394465693666
295.7394465693652
-218.67583526196273
280.0835085183641
295.7394465693646
295.7394465693662
295.7394465693653
295.73944656936607
292.1473940882304
296.1029738847468
295.7394465693655
295.7394465693652
295.7394465693651
278.82955908815086
295.7394465693661
294.6537913477595
295.73944656936504
-217.84072939128953
294.96701007644765
295.7394465693665
295.7394465693659
295.7394465693662
295.73944656936527
293.7164608571462
296.0464056335536
295.73944656936595
295.739446569365
294.9670100764489
295.7394465693654
283.13408547914224
295.73944656936527
295.73944656936646
296.1029738847475
295.99934376797944
295.73944656936624
-208.6845969152284
294.96701007644737
259.3506821355543
295.73944656936595
291.5313696340982
295.7394465693655
295.7394465693657
295.7394465693667
295.73944656936635
-210.83084924206773
295.3080150653867
280.2900336899992
282.51442918277473
295.7394465693643
295.73944656936544
295.7394465693655
295.73944656936465
295.7394465693635
295.7394465693654
295.7394465693656
295.7394465693646
295.7394465693637
295.73944656936436
295.7394465693639
296.04640563355173
295.73944656936453
296.04640563355173
295.73944656936334
295.73944656936317
278.80376315685476
295.73944656936436
280.2238115037462
295.7394465693649
295.9993437679782
296.04640563355235
295.73944656936385
296.10297388474663
296.10297388474726
296.1029738847475
-204.80927545894835
291.41933970029373
296.10297388474726
295.31777877413697
296.10297388474663
282.98678678665846
295.73944656936396
295.7394465693647
296.09828249574844
274.7783293799105
295.7394465693637
295.7394465693647
295.73944656936374
295.7394465693644
295.73944656936425
295.3177787741345
295.73944656936504
279.68236549998073
295.7394465693646
296.1029738847467
296.0717727848968
295.7394465693643
279.0385294983392
295.7394465693634
295.73944656936334
295.7394465693636
295.7394465693643
295.7394465693637
295.7394465693636
279.0308162303537
295.7394465693637
295.7394465693639
-201.07497037281533
293.80112697582143
295.7394465693642
295.7394465693631
295.3138479278676
295.31384792786764
295.7394465693627
259.7803695104841
295.7394465693637
295.73944656936385
295.73944656936425
294.9670100764488
295.73944656936476
295.7394465693649
295.3177787741342
295.739446569364
296.1029738847471
295.73944656936436
276.39782375104824
295.7394465693634
295.31384792786776
295.31777877413356
295.7394465693647
292.8580437760025
-221.82719911113722
294.2781451508348
294.27814515083486
295.73944656936357
295.99934376797813
283.7152677679746
280.0878036333661
295.317778774136
-209.4842268686358
295.79558192775255
-217.09488526309906
294.96701007644765
293.03069884452214
295.73944656936453
295.739446569364
295.739446569363
295.7394465693635
295.7394465693638
291.5313696340936
295.7394465693635
295.73944656936345
296.0464056335513
295.73944656936413
-213.2482637435716
294.97328716609536
295.31777877413424
295.73944656936305
295.73944656936294
278.9652234604487
280.7573083570635
295.7394465693628
295.9993437679766
295.7394465693631
293.9874871369942
295.7394465693625
295.7394465693632
296.1455483270064
281.1546744932548
295.739446569363
296.10297388474527
296.1029738847452
280.0954219411149
294.8947189862615
295.73944656936345
296.10297388474527
294.4499685375521
296.1029738847451
296.10297388474567
295.7394465693628
294.2781451508318
-208.8422846934287
294.2781451508317
295.99934376797756
295.7394465693623
295.7394465693636
295.7394465693639
295.73944656936254
295.7394465693632
295.9993437679786
295.73944656936266
295.7394465693627
295.7394465693633
295.7394465693623
294.4499685375489
295.73944656936396
295.7394465693624
295.8300949503529
295.317778774134
295.31777877413265
293.7730874605884
280.62484714732665
295.739446569361
293.26664815560247
294.89471898626107
294.95128625084436
294.44996853755254
295.2076432336941
295.3177787741321
293.0765386587276
-214.55478824407527
282.1513772155865
279.5880974049235
295.7394465693621
-207.1194196588845
294.96701007644515
293.2666481556022
295.3177787741329
294.449968537551
296.04640563355133
295.31777877413214
295.3080150653834
292.14739408822413
295.7394465693619
295.73944656936186
292.8757033087649
295.3177787741319
295.7394465693623
295.3177787741326
286.4780456603075
-213.43290661918388
294.27814515083196
295.739446569362
294.9670100764441
-210.43112069926957
294.9670100764437
291.53136963409884
295.2985193657791
280.842177425113
279.8325513457486
293.03069884452
-202.31559517665153
-206.30820040781663
294.9670100764457
295.7394465693613
295.29593229171644
-209.55777427363256
294.96701007644515
295.31777877413157
-214.25287118465644
294.9512862508443
295.60707247080137
295.8519106531827
296.1029738847445
282.3878923596845
296.04640563355025
295.3177787741329
293.8981433344546
295.31777877413276
295.3177787741316
295.3177787741325
295.3177787741329
295.3177787741317
295.31777877413083
-214.38615808047584
295.5503126482669
295.31777877413174
295.31777877413106
295.31777877413316
294.4478183047265
293.26664815560054
-202.3155951766514
295.60707247080126
290.9028542052973
295.31777877413185
-217.4908324170645
295.3221152553843
295.31777877413043
278.3945900359271
295.31777877413214
294.9512862508423
-210.0559084462501
294.2781451508281
-211.83312155405395
294.9670100764417
295.4902810207987
-204.4979628849222
292.59926890667657
-212.76410230397204
294.9670100764417
281.18343658587736
293.2666481555971
295.31777877413236
295.3177787741308
278.27052986996466
295.3177787741305
280.1237505772127
295.3177787741315
-236.60230183827164
-214.2141663241738
295.60707247080023
295.7394465693616
295.73944656936135
295.3177787741305
295.2103498623588
295.31777877412964
295.21229028904776
295.31777877413003
290.7807829488744
295.3177787741299
295.4916871796666
295.999343767976
295.6070724708007
295.31777877413117
295.3177787741318
295.3177787741309
294.0288719403847
295.3177787741329
295.1810100240678
295.6070724708012
295.3177787741298
295.3256141852292
-216.48115372546914
295.6070724707999
295.31777877413026
295.3177787741303
295.31777877413145
295.3177787741305
-204.4979628849219
295.59371128790565
294.2781451508278
286.82903127368434
295.7394465693615
-208.8229370457375
294.96701007644265
-210.01102967095483
-209.67299991255024
295.5937112879049
295.3177787741317
294.0120155010704
295.3177787741303
295.3177787741312
287.9120816263513
294.02887194037953
295.31777877413066
295.3177787741314
295.3138479278649
294.0288719403817
296.17763249092815
279.6457259793058
293.78439027581294
288.38773083995426
294.0288719403845
295.31777877413106
295.3256141852282
295.3177787741298
-216.1476092610767
293.36372439404266
-206.19340491839583
294.5968714688138
-213.75400194306508
295.3221152553823
295.31777877413003
295.3177787741295
295.31777877413066
280.45904643557253
295.3177787741289
279.4754552932709
-204.49796288492257
295.3025043225767
281.4015545736893
280.23290848368964
295.3177787741305
295.31777877413066
295.3177787741303
295.31777877413055
295.31777877413015
279.50863316956384
295.2103498623575
294.02887194038215
294.95128625084095
284.69551188364227
288.8467972613976
295.99934376797603
289.5980884558964
295.7394465693593
295.73944656935953
295.4916871796669
295.7394465693599
280.60288912420816
295.7394465693599
295.3307910374614
295.31777877413094
295.3307910374613
277.7395291675167
295.3177787741299
294.0288719403792
294.01201550106714
294.02887194037936
293.7730874605831
293.0700902758729
292.16642484928565
294.02887194037976
295.3177787741296
294.02887194037976
295.7394465693603
292.3909593154681
295.3177787741305
295.21229028904696
-228.6834850830341
295.59371128790553
295.31777877412935
282.16857358728095
-214.97641645099327
295.59371128790445
294.0288719403794
286.3740334114246
278.0004203661247
295.31777877412935
295.3177787741287
294.0288719403786
278.40426111443105
294.02887194037675
276.83689804936085
295.31777877413003
294.0288719403769
294.02887194037913
294.02887194037896
280.5783866073518
294.0288719403777
294.95128625083834
282.0692234185168
-218.33912902635706
294.96701007644015
276.4119514805488
274.99663176520244
263.0834054000481
290.7974291903982
257.1010322596954
290.7807829488731
