-201.9622129454388
295.3864524396054
-201.66544120158247
-204.11598977976243
-211.18102064480175
-201.96220430623788
-209.24481970267948
-212.38931926007157
-208.72547682548367
-213.6050973931329
-201.07497037281166
-210.37453750508197
-201.6654412015824
-204.1374980347823
-202.15813815567734
-207.81463327180236
293.0630409530392
295.54729502930155
-206.14513860396056
-209.7076863374726
-203.3000842389827
-201.6654412015823
295.8541494471764
-202.15813815567788
-202.834955631044
-208.9992385966617
-201.6654412015824
-208.3962699424291
-205.75120957095572
-202.15813815567657
-207.20893811439558
-201.6654412015825
-203.7132710551582
-205.66358460364216
293.07303365367375
-212.14503659064218
-202.31559517664562
-201.66544120158238
-206.62554906754772
-203.71327105515883
-206.57216503815454
295.8200212016769
-211.77517852086606
-204.76389035604015
-211.47525245361993
295.21034986242034
-204.68416094947963
-201.66544120158218
-201.66544120158247
-208.1386347937393
-202.8349556310436
-201.66544120158227
-206.58871904439266
-202.85666542419776
-201.6654412015823
294.6666136180284
-209.34426873129075
-202.45760247949585
-203.48644428522076
-202.83495563104375
295.0650702004532
-201.66544120158233
-201.66544120158247
-201.6654412015823
-211.48687897380194
-204.76389035603754
-203.4764495022642
-204.0965251681595
-201.66544120158244
-212.29143642722997
-205.84746226535856
-203.82629989484093
-207.89107607632366
-203.48644428522175
-204.7638903560401
-201.66544120158252
-201.6654412015824
-201.66544120158247
-201.66544120158224
-209.54540223905593
-201.66544120158255
-201.66544120158252
-202.3155951766458
-204.09652516816107
-201.66544120158247
-202.31559517664564
-203.01804981309465
-201.66544120158252
-201.66544120158235
-201.66544120158238
-201.66544120158235
-201.6654412015826
294.1972014797097
-204.76389035603793
-202.4576024794958
-209.0228506982749
-203.4764495022642
-202.4576024794956
-203.48644428522172
-201.66544120158235
-201.66544120158235
-201.6654412015825
-201.66544120158238
-201.6654412015825
-203.59315476866027
-201.6654412015823
-203.48644428522155
-202.31559517664564
-201.6654412015823
-203.57941976796545
-203.48644428522113
-201.66544120158258
-203.01804981309533
-212.11089341347724
-203.25415279438607
-201.66544120158233
-201.66544120158227
-203.26496025907412
-201.66544120158235
-202.83495563104364
-201.66544120158227
-209.83340294925674
-201.66544120158235
-201.6654412015825
-202.31559517664584
-203.4864442852213
-201.66544120158227
-201.6654412015823
-203.48644428522118
-201.66544120158227
-201.66544120158238
-201.66544120158218
-202.45760247949593
-201.6654412015823
-201.66544120158233
-209.3086208164214
-201.074970372812
-201.07497037281212
-201.07497037281178
-201.07497037281175
-201.07497037281217
-201.074970372812
-201.07497037281186
-201.07497037281212
-201.07497037281124
-201.0749703728116
-202.1581381556758
-201.07497037281178
-206.73400102339085
-208.4253768463936
-208.651181476938
-210.91838298182347
-210.1602078078562
-209.92662920199052
-208.40018670682514
-210.0124137776737
-210.27566833883142
-206.33061927839177
-208.65118147693545
-214.3456785559004
-205.31822230210673
-202.457602479496
-208.94360720518208
-208.65118147694193
-209.40679130658302
-209.01796900013437
-208.65118147693755
-208.250185533382
-202.15813815567608
-210.07553166698668
-209.21199158819798
-208.65118147693644
-210.73043009063116
-210.07553166698702
-217.7582190548611
292.7295206254377
296.14554832702913
295.73944656941876
290.75445701997177
-214.40135207633617
294.2602440774316
294.6537913478157
295.3644950120939
-206.17135486998967
294.2781451509379
-205.67773775519814
294.2496511661346
-206.37205130914026
-206.37205130913603
294.27814515093917
293.1963183083572
-206.37205130913614
-216.9613469075208
-208.93489052134095
294.27814515093917
294.3575784601429
-206.61726271752352
-209.53600181233554
290.65373037923325
295.7394465694182
-205.4761682836178
-204.77006939294796
294.1235364410204
-206.3720513091377
294.2781451509395
-206.23522962502136
-210.84629568024525
294.27814515093837
294.848988530679
294.27814515093917
294.2781451509364
293.8346596076385
-204.77625357961432
294.2781451509368
294.27814515093763
294.27814515093786
294.4730231604603
-205.74293201939352
294.24965116613174
-204.77625357961423
-208.93489052133884
294.2781451509383
294.278145150937
294.2496511661321
291.71934062733516
-205.12892650633296
294.278145150938
294.27814515093627
294.2781451509374
-204.7762535796127
294.01371573881516
-213.02570355539666
294.27814515093706
294.2781451509376
-206.8536904101508
294.2781451509382
294.27814515093775
-205.12892650633253
-205.1289265063306
294.2781451509353
294.278145150937
294.27814515093854
-205.1289265063311
294.27814515093723
294.2781451509359
-206.80368169164134
294.2781451509361
294.27814515093587
294.27814515093814
294.27814515093394
294.56822090603595
-208.11265477098954
294.2781451509368
-211.94007633293475
291.24234342795717
294.27814515093473
295.73944656941865
-208.0156350436644
294.27814515093513
294.278145150938
-205.95898857854678
294.27814515093644
-205.1289265063319
-207.67749553679485
294.2781451509361
-205.8427732376242
294.27814515093525
-207.09269283279585
294.2781451509354
-207.0926928327938
294.2781451509351
294.35757846013803
-208.2282734202611
294.2781451509358
294.6537913478137
296.1201154912638
294.27814515093473
-208.3989190743331
294.2781451509366
-207.0926928327962
294.0137157388088
294.10988553179266
295.4916871797354
-207.092692832797
-211.94007633292847
294.2781451509345
294.12353644101773
294.278145150936
-210.8074571938799
294.27814515093405
-207.0926928327963
294.27814515093587
-211.9400763329277
-205.6777377552054
294.2781451509355
296.14554832702885
-209.1174748264699
294.27814515093615
-210.8462956802463
294.2781451509341
295.7394465694158
-206.3720513091391
293.43761957062526
293.87839280037093
-205.74293201939705
294.27814515093604
-207.09269283279565
294.27814515093456
-207.09269283279505
294.278145150935
-207.0926928327967
294.27814515093576
-206.3930172201466
294.2781451509351
-201.66544120158238
-207.36626153128734
294.2781451509343
-207.09269283279767
294.278145150932
294.78091396436344
296.14554832702817
294.2781451509351
-207.09269283279565
-207.6774955367995
294.2781451509354
-207.092692832797
294.2781451509371
295.7394465694169
295.73944656941705
295.7394465694156
291.557823079169
-201.66544120158238
293.8253121496757
295.3864524395992
295.7394465694168
-206.31791860872653
294.2781451509343
295.7394465694164
295.99934376801986
295.99934376802014
294.3575784601386
295.7394465694169
296.155331856905
294.27814515093587
295.73944656941666
-207.15816775778922
294.278145150932
294.6489025459
294.2620494811206
295.7394465694164
-207.09269283279724
294.2781451509346
-205.50372524097875
294.9500468430773
295.73944656941626
-210.60754464117213
295.73944656941717
295.73944656941615
294.7809139643624
295.73944656941705
296.046405633589
295.73944656941626
296.1455483270279
-209.1174748264722
294.27814515093525
294.26204948111894
295.9993437680193
295.7394465694162
-216.51733186295323
294.27814515093263
295.7394465694159
295.7394465694155
-207.092692832796
294.27814515093246
295.73944656941546
295.739446569417
295.7394465694169
295.7394465694158
295.7394465694164
295.7394465694165
296.10297388477676
295.7394465694166
294.6489025459014
294.8947189863284
-207.24763952069205
294.27814515093286
295.73944656941546
-208.61818595890014
294.27814515093286
295.0477561894434
295.73944656941546
-201.6654412015825
294.278145150933
295.73944656941535
295.73944656941575
295.7394465694154
295.739446569416
295.7394465694159
295.7394465694158
295.73944656941507
295.0477561894406
-208.65016180298008
-204.7700693929522
-209.65607295247523
294.2781451509329
295.0477561894418
294.7809139643608
296.1029738847756
295.7394465694159
296.0717727849341
295.7394465694154
295.73944656941666
296.12011549126487
-205.81179579853224
294.27814515093235
-206.31791860872912
294.26024407742557
-201.6654412015824
-206.17468785032864
294.27814515093286
-207.49329214527017
294.27814515093115
295.999343768018
295.99934376801843
295.99934376801866
295.99934376801843
295.99934376801775
295.99934376801787
295.99934376801934
295.99934376801906
295.99934376801866
295.99934376801883
295.9993437680177
295.9993437680192
295.9993437680186
296.15533185690487
294.62451267041854
295.9993437680172
295.9993437680186
295.9993437680192
296.12011549126333
294.2235327469643
295.999343768018
296.1201154912647
-205.7429320194011
-205.74293201940083
-207.0266242548106
-210.56278309083578
-246.3756010497194
294.27814515093144
295.99934376801866
295.9993437680188
295.99934376801804
296.155331856905
291.24234342795023
294.2781451509292
295.99934376801787
295.99934376801804
295.9993437680185
295.99934376801855
294.6303046932506
294.2781451509293
295.9993437680173
295.99934376801735
-210.85309353959806
294.27814515093166
295.99934376801735
295.9993437680177
-201.66544120158255
294.27814515093104
296.0464056335871
295.9993437680178
295.99934376801815
295.9993437680183
-201.6654412015823
-203.2726738735038
295.3864524395953
-201.6654412015822
-210.55702138601362
294.27814515092916
296.1455483270275
294.2781451509299
295.99934376801764
-201.66544120158244
-205.81179579853267
295.3864524395946
295.9993437680173
295.9993437680178
295.9993437680171
295.99934376801696
295.99934376801747
296.0464056335878
295.999343768018
295.99934376801764
295.9993437680177
294.3466865738084
-206.4778077911001
-210.85309353958763
294.2781451509299
295.9993437680176
-207.74643256445813
294.2781451509297
295.9993437680179
295.73944656941484
-210.8530935395891
-209.67118832601173
294.27814515092865
294.84898853066875
295.99934376801656
295.99934376801747
295.20764323376244
294.8489885306694
295.9993437680169
295.7394465694138
295.99934376801684
294.2781451509305
294.7809139643588
295.99934376801673
295.9993437680169
295.99934376801764
295.99934376801656
295.99934376801684
295.99934376801673
295.9993437680177
295.7394465694132
295.99934376801775
295.9993437680164
295.9993437680171
295.9993437680178
296.14554832702703
-205.8117957985381
294.27814515092604
296.1553318569043
294.27814515092723
295.73944656941296
296.1029738847748
295.99934376801684
295.99934376801673
294.6489025458994
295.9993437680171
295.999343768017
295.99934376801815
296.04640563358544
-201.66544120158258
291.24234342794796
295.38645243959274
295.9993437680175
295.99934376801696
295.99934376801656
294.2781451509269
295.9993437680163
295.9993437680156
296.14554832702646
294.35757846013564
295.99934376801593
295.9993437680168
295.99934376801605
295.99934376801616
-202.15813815567734
295.38645243959246
295.99934376801633
294.2781451509269
296.1201154912634
294.27814515092734
295.99934376801656
295.7394465694142
-210.45985532743765
294.2781451509282
295.9993437680172
291.55782307917053
295.99934376801616
295.9993437680156
-209.97741427508154
294.2781451509263
295.99934376801565
295.99934376801644
295.9993437680168
295.99934376801684
295.99934376801644
-206.22691079600224
294.27814515092524
-206.33403117645136
294.2183777784978
294.6855601140229
295.99934376801554
295.9993437680154
295.9993437680161
295.9993437680163
-208.20949528366668
294.27814515092547
295.999343768016
295.9993437680155
294.8773533281664
294.3575784601359
294.6303046932497
295.9993437680156
295.99934376801633
295.9993437680152
295.9993437680157
295.9993437680158
295.9993437680162
295.9993437680161
295.9993437680163
296.1905129205601
-207.62566722767477
-208.44217692082935
282.2725575488272
294.89471898632274
-207.9948736549911
294.8501052755659
295.99934376801593
295.99934376801605
295.9993437680162
295.99934376801616
295.99934376801593
295.9993437680164
295.04775618943785
296.1571647859369
-204.7700693929563
-204.77006939295617
291.5578230791665
291.55782307917167
295.99934376801673
-208.59875300232002
-204.82305008040765
294.9512862509104
294.89471898632166
295.9993437680163
295.99934376801616
295.99934376801525
295.99934376801536
-206.47590273413203
-204.7700693929564
-204.77006939295563
-204.77006939295717
-204.80927545889895
292.63229225031586
295.9993437680156
295.9993437680154
295.999343768015
295.9993437680157
294.6855601140215
295.99934376801605
295.9993437680153
295.9993437680151
296.1408985043847
295.99934376801616
295.73944656941137
295.9993437680159
295.73944656941126
295.9993437680155
295.9993437680148
294.6303046932493
-205.738267691541
-204.770069392956
-204.77006939295578
-204.77006939295632
-213.20768010283837
-204.77006939295703
-204.7700693929559
294.6245126704114
294.648902545896
295.99934376801576
295.99934376801554
295.29851936581707
-208.11265477099644
294.648902545897
296.1455483270263
-204.77006939295677
-204.7700693929569
-204.77006939295742
295.70257895257487
-206.49713848795648
294.6245126704119
-207.28151036273874
-204.80927545890052
294.62451267041274
295.9993437680157
295.9993437680164
295.9993437680156
295.9993437680165
296.14554832702595
-204.7700693929569
-204.77006939295785
-204.77006939295654
-204.77006939295828
294.84898853066585
-204.7700693929575
-204.77006939295603
-204.77006939295669
-204.77006939295728
-204.77006939295723
-204.77006939295748
-204.77006939295737
-204.77006939295907
-206.72461230863013
-204.7700693929581
-205.024941320838
-204.77006939295762
-204.77006939295825
-209.18439688100756
-204.7700693929582
-204.770069392957
-204.77006939295592
-204.77006939295777
-209.8778619430575
294.8501052755655
295.73944656941114
295.0477561894378
-205.12452159945295
293.8011269759269
295.9993437680157
-208.65016180299097
-204.7700693929588
295.7025789525727
294.8947189863201
295.7394465694105
-206.72461230864073
294.8501052755646
295.99934376801525
295.9993437680146
295.9993437680144
296.0464056335844
295.99934376801446
295.99934376801457
295.99934376801446
295.73944656940995
295.9993437680142
296.17763249093645
-204.77006939295745
-204.77006939295777
-204.77006939295794
-209.1442519251381
-204.77006939295816
-204.77006939295856
-204.7700693929586
-204.77006939295896
293.0862004800386
295.99934376801417
295.99934376801457
-205.1183106243057
294.95128625090746
295.9993437680148
295.99934376801497
295.73944656941023
295.9993437680139
-206.83796835800626
294.9512862509075
295.9993437680147
295.9993437680144
296.1455483270253
294.95128625090746
295.298519365816
-206.83796835799822
294.2183777784961
295.99934376801366
-206.87848071393233
-206.51766501646873
293.0333276107394
295.9993437680147
296.10297388477267
295.7394465694097
295.99934376801406
294.64890254589517
294.95128625090774
294.2620494811085
295.9993437680145
295.99934376801394
-203.62232974712384
294.2602440774149
294.26024407741403
296.04640563358475
294.9512862509061
294.9512862509068
293.60459673846856
-206.31791860873588
-204.7700693929577
294.9512862509056
294.95128625090763
294.9512862509066
-209.50097822386377
294.9512862509063
294.9512862509064
294.95128625090774
294.2602440774146
-204.77006939296012
294.95128625090564
296.0464056335846
294.9512862509084
294.95128625090763
294.95128625090626
294.9512862509078
295.2555902584912
295.9993437680133
-207.51354729407385
294.96701007651353
294.96701007651205
295.3080150654408
293.9874871370553
295.9993437680141
295.99934376801366
295.9993437680137
295.9993437680148
295.31777877418125
295.3244674617288
-205.6719855910821
-206.05329805947528
295.2324556862756
295.2324556862733
295.9993437680135
295.999343768013
295.9993437680146
295.9993437680143
295.99934376801417
296.1455483270251
295.3177787741807
295.23245568627334
295.99934376801406
295.04775618943506
295.999343768014
295.9993437680136
295.99934376801457
295.99934376801326
295.851910653212
295.9993437680144
295.9993437680137
295.0477561894348
295.3244674617265
295.9993437680133
296.1455483270249
295.255590258489
295.3068286999976
295.3068286999978
295.9993437680142
295.99934376801315
-208.39891907434532
295.32446746172843
295.9993437680137
295.9993437680132
295.0477561894338
295.9993437680137
295.83652730622816
295.30682869999885
295.9993437680129
-207.77340607072344
295.324467461729
-206.2372641731754
295.3244674617285
296.1029738847713
295.26786473277076
294.57540299157495
295.3244674617293
295.99934376801303
295.3068286999984
294.5754029915766
295.3244674617284
296.10297388477164
293.34317730643056
295.10423898083536
295.9993437680133
-206.8784807139337
294.55108463912063
295.99934376801315
295.99934376801343
295.32446746172775
-206.83796835800885
295.32446746172764
295.9993437680132
295.99934376801315
293.6764023617704
295.3244674617279
295.9993437680134
295.99934376801326
295.9993437680126
-210.999040900022
295.3244674617281
295.9993437680127
-206.6745999786991
295.3244674617268
295.3244674617269
296.10297388477113
295.5778552464374
294.55108463912006
292.536288964286
295.3244674617268
296.04640563358316
295.3244674617272
295.99934376801286
296.0464056335824
295.3244674617268
295.99934376801315
296.1029738847716
296.10297388477125
295.3244674617276
295.99934376801195
295.7394465694077
295.32446746172616
-205.69918141899524
295.3244674617263
295.99934376801235
295.9993437680126
296.1905129205579
295.3244674617274
296.14554832702447
295.5778552464379
295.3244674617262
295.1053340708022
295.3244674617263
295.9993437680128
-206.4749770142001
-207.77340607073506
295.3244674617271
295.99934376801224
-201.07497037281266
295.3244674617272
295.99934376801343
295.739446569407
295.3068286999974
-206.49713848796145
294.5510846391176
295.9993437680117
295.9993437680123
-207.09269283281213
295.32446746172684
295.999343768012
295.9993437680119
295.9993437680117
-206.31791860874154
295.3244674617258
295.99934376801235
295.9993437680119
295.999343768012
295.99934376801207
295.99934376801207
295.9993437680117
296.04640563358197
295.9993437680118
295.99934376801195
295.9993437680116
295.99934376801224
-206.83796835800948
295.32446746172553
295.999343768012
295.9993437680112
295.999343768011
295.99934376801144
295.9993437680117
-205.4852973156058
-205.77038836554502
295.32446746172553
295.99934376801224
295.3177787741794
295.9993437680116
-206.3877914374624
-205.77038836554516
295.5586779318807
-205.49708973344033
295.7025789525697
295.0477561894338
295.9993437680119
295.9993437680113
296.1029738847714
295.9993437680118
295.9993437680109
-206.38779143746137
295.32446746172656
295.99934376801116
295.99934376801144
295.9993437680112
295.999343768012
295.9993437680117
296.10297388477034
295.5586779318803
295.9993437680115
295.99934376801144
295.9993437680116
295.99934376801167
295.9993437680106
295.999343768011
295.99934376801156
295.999343768011
295.77545862180307
295.99934376801116
295.9993437680122
-203.89702611522875
295.3244674617251
-206.83796835801292
295.3244674617244
295.999343768012
-206.38779143746098
295.7754586218036
295.99934376801065
295.10533407080214
295.04775618943324
295.9993437680106
295.9993437680108
295.99934376801133
295.999343768011
295.99934376801156
295.99934376801133
295.9993437680106
295.9993437680108
295.9993437680111
295.99934376801093
295.9993437680107
295.8783745929985
295.0477561894315
295.9993437680111
295.99934376801025
295.9993437680106
295.87837459300033
295.9993437680107
295.9993437680119
295.9993437680116
295.9993437680117
-204.9220037428157
295.32446746172485
295.9993437680112
296.1064508965751
295.99934376801156
295.9993437680104
295.79373874283493
295.7754586218035
295.99934376801076
295.8783745929987
295.9993437680116
295.9993437680114
295.9993437680101
295.9993437680111
-205.19652121028514
295.53058420607624
295.3139029797611
295.99934376801104
295.9993437680112
295.7394465694044
295.9993437680106
295.99934376801036
295.9993437680105
295.1656056497362
295.9993437680106
295.9993437680108
293.7752456045907
295.9993437680102
-205.1965212102853
294.08393792086486
295.99934376801
295.85191065320873
295.99934376801076
293.6764023617626
295.50407363693046
295.9993437680105
296.1455483270238
295.5778552464351
-206.47324428293828
295.0379597887738
-205.19652121028716
295.5472950292859
295.3244674617237
295.99934376801065
295.99934376801025
295.9993437680111
-206.3225478980529
295.32446746172474
295.9993437680102
295.99934376801014
295.54729502928524
295.6070724708306
295.5586779318796
295.3244674617236
295.99934376801076
295.9993437680113
294.6422600023448
295.57785524643526
294.9670100765039
295.9993437680106
295.99934376800985
295.9993437680105
295.99934376801014
-206.3225478980512
295.32446746172354
295.90245772480193
295.32446746172366
296.11612798292936
295.298519365811
-206.9330767389134
295.32446746172343
295.87837459299874
296.0436817002866
295.9993437680103
295.90245772480256
295.3244674617231
295.9993437680097
296.0464056335806
295.99934376800974
295.9993437680108
295.99934376800974
296.04640563358134
295.999343768011
295.9993437680106
295.9993437680105
295.9993437680109
295.9993437680101
295.57785524643634
295.5040736369288
295.9993437680106
295.9993437680109
295.99934376801053
295.9993437680104
295.9993437680103
295.79373874283414
294.6422600023453
295.85191065320856
-204.8062707872265
295.2726629332668
295.85191065320885
295.3177787741762
295.8783745929975
295.27266293326727
295.90245772480137
295.0520953973895
295.86698848527107
295.9024577248013
295.90245772480137
294.6422600023446
295.90245772480023
295.9024577248017
295.9024577248015
295.31777877417653
295.9024577248019
295.90245772480193
295.90245772480165
295.0503449232344
295.90245772480114
294.95028027995875
295.9024577248012
295.9024577248007
295.8358490581015
-204.09754227519835
294.6422600023454
-205.54409997611202
294.6422600023467
295.9024577248004
295.90245772480114
-203.8338148259444
294.6507117609919
295.90245772480154
295.835849058102
295.9024577248012
295.9024577248016
295.8358490581012
295.90245772480176
295.90245772480006
295.9024577248011
292.0937036281436
295.90245772480154
295.90245772480125
295.9024577248012
295.9024577248017
295.9024577248013
295.835849058101
295.3177787741757
295.9024577248012
292.3229525881509
295.902457724801
295.90245772480125
295.9024577248011
295.8783745929969
295.90245772480137
295.90245772480097
295.9024577248012
295.9024577248011
295.9024577248015
295.86535662402565
295.9024577248016
295.9024577248016
295.90245772480205
293.3905310174679
295.90245772480137
-204.0975422751977
293.8789465515044
295.05209539738934
295.9024577248016
295.9024577248007
295.9024577248004
295.0503449232319
-204.09754227519906
293.8803722986434
295.9024577248009
295.05209539738826
295.9024577248007
295.8653566240261
295.9024577248005
-203.83381482594442
-205.88157384350697
293.88037229864835
295.9024577248001
295.90245772480074
293.7469719147702
295.90245772480114
295.90245772480046
295.9024577248007
295.31777877417545
295.31777877417716
-205.7488295418537
293.88037229864534
293.88037229864403
295.31777877417585
292.0103847615184
295.3177787741756
-204.4979628848883
-210.96069383528882
293.8803722986441
295.3177787741752
295.31777877417557
293.87839280034615
295.3177787741751
295.3177787741752
295.30656188989417
294.44996853762547
295.29593229175856
295.31777877417653
295.3177787741753
-204.49796288488892
294.6422600023457
295.9024577248005
293.87839280034837
295.33079103750384
295.3177787741762
295.31777877417454
295.0229215061939
295.3177787741746
295.3177787741748
295.0849509591688
295.181010024125
295.3177787741734
295.3177787741755
292.0937036281351
294.9723592029973
295.33079103750276
295.3177787741753
295.31777877417267
295.3177787741734
295.3177787741739
295.31777877417454
295.31777877417477
292.033590468516
295.31777877417596
-210.13589629888241
292.1164337386698
-214.19374472171424
293.03069884455647
295.31777877417375
295.3177787741744
295.1996069079404
295.3177787741765
295.3177787741736
294.96701007650154
295.2959322917553
295.317778774173
-204.49796288489182
294.6422600023447
295.33079103750197
295.3177787741731
295.31777877417454
295.317778774173
295.317778774174
294.63259535135967
295.3065618898909
295.48030334650974
295.3177787741749
295.90245772479966
295.31777877417255
295.48030334650963
295.31777877417204
-216.52159518941616
294.65071176099076
-216.08182094198742
294.6422600023431
294.63259535135677
293.3107033643638
294.6325953513586
294.632595351359
294.63259535135984
295.31777877417494
294.87735332815333
295.83584905809994
294.6325953513583
294.6287389363475
294.63259535135825
294.1735096950113
-215.74350082835736
294.64226000234436
294.64226000234413
294.6325953513588
294.96701007650046
294.82721478764853
294.63259535136064
294.29094285446126
294.44658612913673
294.87735332815134
294.63259535135603
295.3065618898889
294.63259535135927
293.7730874606415
294.6325953513589
294.632595351359
294.6325953513609
294.63259535135717
293.31070336435903
293.22750724366847
294.2909428544621
294.63259535135774
294.63259535135694
294.6325953513573
294.6325953513572
295.75106122410887
295.30682869999083
295.7510612241064
294.66691051648047
295.30682869999055
294.87735332815254
295.75106122410847
295.75106122410676
294.63259535135796
293.76902705743663
294.6422600023439
294.63259535135967
294.6325953513594
295.9024577247996
295.19520726685107
295.751061224107
295.9024577247993
295.7510612241082
295.9024577248001
294.68556011401455
293.43678050402383
295.75106122410733
294.6669105164781
294.46938565787207
295.7510612241064
294.6669105164768
294.0102632550155
295.7510612241057
295.7510612241066
291.7253301337224
295.7510612241059
294.87735332815214
294.87735332814924
295.751061224107
-206.4063542016911
293.69017751059
295.7510612241048
295.76241612958853
295.4844064740281
295.7510612241053
295.7510612241069
295.75106122410574
295.75106122410654
294.6669105164759
295.04510406720306
295.7510612241057
295.7510612241064
295.751061224105
295.79554232224825
295.75106122410597
295.7510612241065
295.4937544954153
295.49375449541316
295.9993437680065
295.66873048677706
295.49375449541503
295.6687304867774
295.75106122410585
295.751061224106
295.7510612241059
295.75106122410705
295.7510612241057
295.75106122410574
295.12999586618093
293.81951266942326
295.75106122410665
295.6687304867788
295.1299958661787
295.7510612241062
295.75106122410523
295.7510612241067
295.8358490580981
295.7510612241061
295.7624161295858
294.01026325501385
295.66873048677974
-206.49763405464387
294.64226000234447
295.7510612241065
294.01026325501573
295.75106122410597
295.493754495415
295.4243962106872
-205.4474986472105
293.8803722986438
295.66873048677854
295.66873048677695
296.1408985043772
295.7510612241056
295.76241612958785
295.4937544954131
295.49375449541486
295.6687304867781
295.6687304867789
294.4329379401104
294.66691051647547
295.11732729614
295.6687304867777
295.1173272961375
295.6687304867776
-205.7542374177342
295.4937544954138
295.99934376800644
294.6422600023453
295.6687304867779
295.85848681419714
295.66873048677786
295.6687304867764
295.66873048677894
294.43293794010907
295.78981437137907
295.6687304867789
295.668730486778
295.66873048677644
295.6687304867781
295.6687304867789
295.6687304867789
295.66873048677644
295.6687304867771
295.4937544954138
294.0102632550132
295.66873048677775
295.6687304867774
295.66873048677775
295.6687304867776
295.6687304867773
-201.0749703728136
295.3086670235399
295.6687304867779
295.49375449541367
295.6687304867774
295.66873048677684
295.66873048677706
295.6687304867772
295.66873048677724
-207.28613098934466
292.0251774212662
294.43293794010384
295.66873048677706
295.66873048677706
296.06173698854724
295.6687304867771
295.9024577247994
295.6687304867764
295.11732729613755
295.66873048677826
295.668730486778
295.9993437680057
295.6687304867784
-206.49763405465183
294.64226000234396
295.66873048677814
295.6687304867779
295.668730486777
293.48927707140433
295.83909337056457
295.9024577247992
294.6422600023448
295.66873048677644
295.17034291226844
295.8358490580977
-205.63884681240341
293.8803722986411
-202.45760247949931
293.9017416252847
294.4222364798239
295.6687304867762
295.66873048677616
295.9993437680056
295.42439621068416
-207.71051332396752
294.6422600023441
295.6687304867765
295.6687304867763
295.8358490580975
-205.78172356370638
295.79554232224774
295.79554232224683
295.79554232224655
295.1053340707944
295.7955423222457
295.79554232224706
295.89742257362576
295.49375449541174
295.7955423222461
296.088898319242
295.79554232224586
296.17631494421994
295.6687304867755
295.2121720900899
-201.66544120158272
295.4937544954122
295.7955423222455
295.79554232224655
295.79554232224393
295.7955423222448
295.7955423222461
295.7955423222449
295.79554232224575
296.1408985043764
295.5657619079243
295.79554232224564
295.10533407079294
295.7955423222464
295.7955423222463
296.0436817002801
296.0436817002797
295.79554232224626
295.10533407079396
295.79554232224683
-201.66544120158272
295.7955423222463
-204.96074272175568
295.7955423222468
295.795542322248
295.9227446255853
295.7955423222461
295.795542322248
-201.66544120158284
-204.86236246228086
295.7955423222468
295.10533407079447
295.79554232224535
295.7955423222482
295.4937544954122
295.79554232224683
-201.66544120158275
295.7955423222462
295.79554232224586
294.6855601140124
294.685560114014
295.79554232224604
-201.66544120158272
295.79554232224746
-205.56430144924715
294.6855601140136
296.0436817002807
295.795542322247
295.79554232224706
295.79554232224604
294.8670827104206
295.99934376800445
-205.92319621256627
-206.18857138076635
295.795542322246
296.04368170028
295.3833033744538
295.7955423222469
295.38330337445313
295.04775618942693
295.79554232224746
295.858486814195
295.7955423222456
295.79554232224797
295.79554232224507
296.17631494422005
-206.93307673893148
295.7955423222466
296.17631494422085
-201.66544120158292
295.1053340707938
295.7955423222477
-201.66544120158272
295.9993437680039
-206.32254789807007
296.17763249093485
295.49375449541
296.04368170027965
295.79554232224655
295.7955423222455
-207.0437051077968
296.04368170027874
296.04368170027925
296.1776324909343
296.0436817002804
295.79554232224683
-201.66544120158272
293.5930138124486
296.0436817002801
296.04368170027976
296.04368170027965
294.9571695787986
-204.86236246227915
295.7955423222453
296.04368170027817
296.08889831924245
296.0436817002785
295.7955423222461
296.0436817002791
296.0436817002787
296.17763249093434
296.17763249093514
293.98748713703543
296.0436817002792
-204.86236246227855
295.79554232224655
296.0436817002788
295.7955423222467
296.04368170027936
-201.66544120158272
291.6933056396952
296.1776324909356
295.4937544954091
295.79554232224535
295.7955423222451
296.0436817002781
296.04368170027936
296.08889831924284
296.0436817002793
295.3139029797491
296.04368170027834
295.79554232224484
295.3833033744518
295.7955423222463
-201.66544120158275
-201.6654412015827
295.79554232224547
295.4937544954098
296.0888983192412
296.04368170027914
296.04368170027874
295.79554232224604
296.0436817002803
296.043681700278
296.043681700279
296.0436817002775
-206.93307673893324
296.04368170027897
-201.66544120158264
295.66873048677354
296.0436817002793
-206.08603002891755
294.79734517353546
295.11732729612976
293.5930138124495
296.04368170027806
296.04368170027897
296.04368170027936
-217.2604396138438
296.04368170027965
296.04368170027925
296.04368170027715
296.04368170027885
296.0436817002779
296.0436817002784
296.0436817002781
296.0436817002782
296.0436817002779
296.043681700278
-207.6289950052696
296.043681700279
-218.52762501955945
-201.6654412015828
296.0436817002778
296.0436817002781
294.68556011401233
295.9993437680027
296.0436817002778
296.0436817002785
296.04368170027743
296.04368170027806
296.17631494421994
295.3833033744501
-207.2144523031546
295.49375449540867
296.04368170027817
294.6855601140131
296.0436817002774
296.1408985043757
296.04368170027755
294.575402991566
296.0436817002785
296.1763149442195
296.0436817002778
296.0436817002773
-201.66544120158267
296.04368170027755
296.177632490934
295.7955423222447
-203.8223675090664
296.0436817002785
296.04368170027874
296.0436817002782
296.0436817002783
296.04368170027794
296.17763249093383
294.6422600023422
295.6687304867736
295.3065618898846
296.14089850437523
294.64226000234027
296.04368170027755
-203.8223675090664
295.66873048677274
296.0436817002778
296.04368170027834
296.04368170027806
294.37264418192217
296.0436817002783
296.04368170027743
296.17763249093395
296.0436817002761
296.0436817002773
296.04368170027703
295.66873048677166
-201.66544120158267
296.04368170027624
296.0436817002774
296.0436817002776
294.3895633887005
-201.6654412015829
295.493754495406
294.64226000234237
295.3833033744479
296.0436817002777
296.0888983192407
296.0436817002779
295.1053340707904
296.04368170027726
295.38330337444944
295.66873048677326
296.04368170027766
-201.66544120158272
295.48030334650196
296.04368170027664
296.0436817002786
295.1053340707898
294.685560114008
294.6855601140097
296.14089850437506
296.1776324909339
296.0436817002773
296.04368170027675
-201.66544120158267
-209.14178508074858
295.493754495406
296.04368170027715
296.0436817002779
296.140898504375
296.0436817002778
-201.6654412015828
296.043681700277
296.0436817002773
294.64226000234214
-207.36773940583274
295.4937544954072
296.04368170027726
-201.66544120158275
295.493754495407
296.0436817002769
296.1408985043743
296.04368170027686
296.0436817002765
295.9024577247967
295.9993437680016
296.0436817002777
296.17763249093326
295.49375449540554
295.49375449540696
296.04368170027493
-201.66544120158278
295.4937544954057
296.04368170027635
294.68556011400995
296.0436817002771
295.6687304867711
-201.66544120158278
295.49375449540565
-208.53747895070057
295.7898143713732
-201.66544120158275
293.8248228193542
296.0436817002764
296.04368170027647
-208.2634519340569
295.49375449540736
296.04368170027624
296.043681700276
296.0436817002771
296.043681700276
296.0436817002763
-201.66544120158292
295.4937544954066
295.7955423222428
294.6422600023447
296.043681700276
294.72413677647916
296.0436817002778
296.04368170027595
296.0436817002763
296.043681700275
296.0436817002762
295.10533407078776
-201.6654412015827
295.4803033465003
296.043681700275
295.9993437680005
296.0436817002762
296.0436817002759
294.6855601140103
293.5930138124355
296.04368170027544
296.0436817002761
294.68556011400835
296.043681700276
-201.66544120158284
295.49375449540537
296.0436817002754
296.1776324909339
296.0436817002762
295.7955423222404
296.0436817002759
294.6855601140088
295.99934376800167
296.04368170027584
-205.78172356371718
295.4937544954064
296.0888983192398
294.6422600023415
296.0436817002751
294.6489025458794
-203.58078973502074
295.4937544954059
-206.75951037567515
295.4937544954056
296.04368170027595
296.0436817002758
296.04368170027516
296.0436817002757
296.04368170027595
294.6855601140085
296.0436817002757
295.9993437680011
296.0436817002746
296.04368170027584
-201.6654412015826
295.4937544954064
293.5930138124363
296.0436817002759
-213.7670392436632
295.023121388829
296.04368170027647
296.04368170027647
296.0436817002761
296.0436817002752
295.6687304867706
296.0436817002748
296.0436817002756
296.0436817002761
295.204486578575
-214.5331923581318
295.49375449540594
296.04368170027647
296.0436817002766
296.04368170027453
296.04368170027664
295.20536513334787
296.04368170027465
295.835849058093
294.6422600023431
296.0436817002755
296.0436817002754
295.79554232224194
296.17631494421875
295.9993437680007
295.3228425595384
295.99934376800013
296.043681700275
296.17631494421784
296.0436817002747
296.04368170027675
-220.75735859502998
295.2044865785775
294.2987230808312
296.04368170027567
295.79554232224103
295.29593229174515
296.0436817002751
293.5956266409221
294.6422600023419
295.62122175439396
293.80166293161454
296.17631494421886
295.9203511618267
294.68556011401097
293.59301381244177
293.8016629316206
296.0436817002751
296.177632490933
296.0436817002742
296.04368170027465
-205.3728304468385
295.8974225736248
295.6687304867686
293.875428713359
294.6422600023403
296.04368170027413
296.0436817002752
296.0436817002743
296.04368170027516
296.0436817002741
296.04368170027516
276.8958874679601
296.0436817002748
296.04368170027516
294.68556011400676
295.7955423222405
295.7955423222409
295.7955423222404
296.08889831923784
296.043681700275
295.89742257362445
296.04368170027476
296.04368170027413
295.7955423222401
295.3833033744437
296.0888983192397
294.6422600023416
294.6422600023411
-201.66544120158278
295.8974225736238
295.7955423222405
295.2044865785736
296.0436817002749
-205.3492882390121
295.49375449540264
296.0436817002744
294.6855601140078
296.04368170027396
296.0436817002759
-221.39567207125626
295.702578952555
296.04368170027425
295.3833033744433
294.5532768163885
-201.66544120158295
295.493754495402
296.0436817002743
295.79554232223813
-203.82236750906716
295.4937544954038
296.04368170027305
-201.6654412015829
293.98473192515814
296.0436817002737
296.0436817002737
-201.665441201583
295.49375449540315
293.8016629316167
294.68556011401006
296.04368170027334
296.17631494421795
296.04368170027396
296.0436817002735
296.0436817002736
296.0436817002738
296.04368170027345
-201.66544120158284
295.4937544954028
-201.66544120158287
295.85848681419054
294.6855601140086
295.99934376799945
296.04368170027476
-204.8419496296244
-203.48020779765505
-203.8262998948533
295.49375449540355
295.9024577247958
296.0436817002742
295.79554232223995
296.1408985043722
-216.3789680418129
295.70257895255264
-211.0898916299994
295.49375449540116
295.7955423222392
295.6687304867681
295.4937544954032
296.1763149442174
296.04368170027357
296.0436817002742
294.95128625088284
-214.30344816540693
-205.92319621257911
295.2324556862493
296.0436817002739
296.0436817002742
296.04368170027396
-208.6876224452065
296.04368170027453
295.7955423222398
296.0888983192377
295.7955423222382
296.0436817002746
296.04368170027385
295.7955423222381
296.04368170027465
296.04368170027266
296.04368170027345
294.867082710411
293.8016629316155
-204.7146907771557
296.04368170027345
-203.27354430825073
296.0436817002725
296.043681700273
296.04368170027385
295.66873048676837
-210.4035761360916
295.49375449540236
295.79554232223654
296.04368170027357
296.04368170027436
296.0888983192371
296.04368170027334
295.4937544954023
295.7955423222379
293.7991777930615
295.31384792789004
295.7955423222383
294.3726441819203
292.5362889642545
296.04368170027203
296.04368170027277
295.7955423222389
296.04368170027305
295.3138479278899
296.04368170027226
294.5754029915677
-201.66544120158298
295.49375449540236
296.0436817002727
-210.6141505114007
295.4937544954021
295.7955423222362
-201.6654412015829
-201.66544120158295
296.04368170027226
295.7955423222381
295.49375449540196
-201.6654412015829
295.6687304867664
296.0436817002729
296.04368170027243
296.0436817002739
296.0436817002732
294.6855601140094
-201.66544120158312
295.4937544954026
296.04368170027317
296.04368170027215
296.0436817002719
295.4937544954022
296.04368170027277
296.04368170027277
296.043681700273
296.0436817002731
296.0436817002728
-233.39516997947874
295.49375449540196
296.04368170027277
295.7955423222378
296.0436817002729
296.0436817002719
295.6687304867662
295.31384792789004
296.19775218640723
292.43879736494034
296.04368170027396
296.04368170027135
296.04368170027203
293.80166293161665
296.08889831923665
294.72413677647086
-202.45760247950076
295.49375449540184
296.04368170027277
296.0436817002727
293.59562664091754
295.29158123759
296.04368170027203
296.0436817002742
296.0436817002725
296.0436817002724
296.04368170027345
295.7955423222372
-202.4576024795006
295.49375449540435
296.088898319235
295.3833033744413
295.92035116182666
295.3138479278892
296.0888983192364
296.04368170027226
293.26881271245037
-212.67517301797204
295.4937544954017
-214.44841574113707
295.78981437137026
296.0436817002728
295.23245568624725
295.49375449540184
-201.07497037281408
294.6586326148257
295.7898143713703
295.5062558415391
294.28873189276027
296.04368170027226
-207.3995631682182
295.09872704726956
295.49375449540213
294.2987230808194
296.04368170027215
293.26881271244645
-207.39956316820923
295.4937544953988
290.9741191004399
295.49375449540156
293.2688127124539
293.26881271245503
-204.76389035604834
295.4937544954008
-204.7146907771539
293.9847319251547
296.0436817002724
294.01884614418077
-228.49141195842296
295.4937544954014
-204.7146907771548
295.4937544954007
289.43183244288156
-207.20807264733713
294.7241367764689
-204.71469077715574
295.8584868141899
296.04368170027163
293.26881271245327
-215.3509015094364
-202.45760247950108
295.49375449540076
293.26881271244747
-213.9754856019936
295.23245568624566
-205.11831062431065
293.9847319251549
296.0436817002718
-204.71469077715807
295.49375449540076
290.97411910044235
293.26881271245173
293.26881271244594
293.2688127124416
-205.1183106243139
295.49375449540105
293.7140616082453
296.04368170027175
-201.07497037281442
295.4937544954014
293.26881271244173
-204.76389035604603
-211.22141272940343
295.4937544954009
295.92035116182507
293.7991777930628
-206.73118728754784
292.3889100350128
296.0436817002709
-204.76389035604453
295.4937544953999
-210.09162640222146
295.49375449539815
295.49375449540014
294.1788168720772
296.0436817002711
293.268812712453
292.0564917782036
293.26881271245065
293.26881271245253
293.2688127124438
293.2688127124558
293.26881271245844
293.2688127124533
-204.7146907771556
294.5510846390847
-202.45760247950136
295.4937544953991
295.9203511618251
-215.35979076428876
295.4937544954003
296.0888983192347
296.14089850436966
296.04368170027067
295.493754495399
293.9847319251532
-206.57117532869634
295.7025789525509
296.04368170027107
295.4937544953987
295.92035116182575
296.0436817002696
-211.2676261874976
295.7025789525501
296.0436817002703
295.4937544953996
293.2688127124478
295.49375449540065
295.49375449540014
293.26881271244764
295.49375449539923
294.52058231553735
294.68556011400483
295.49375449539974
293.2688127124526
295.4937544954001
293.2688127124492
-216.35023123475716
295.49375449539866
295.49375449539934
295.02312138882064
295.4937544953981
295.4937544953991
295.9203511618255
296.0436817002705
295.49375449539764
295.4937544953986
295.78981437136815
296.04368170027084
295.4937544953986
295.4937544953995
292.4828341060384
296.0436817002703
293.2688127124432
295.49375449539775
295.4937544953975
293.9847319251572
296.04368170027016
295.49375449539866
295.4937544953979
296.0436817002703
295.49375449539866
295.4937544953985
295.49375449539747
294.39113822449565
295.493754495398
295.85848681418815
296.1408985043699
296.0436817002695
295.49375449539593
295.78981437136827
293.5930138124295
295.49375449539536
-205.11831062431338
295.4937544953975
295.4937544953965
-201.0749703728142
295.49375449539787
293.2688127124398
295.2915812375863
296.0436817002708
295.7898143713665
296.14089850437034
296.0436817002708
-205.51374104621215
293.984731925153
296.04368170027
296.0436817002698
296.0436817002701
294.72413677646597
294.6586326148192
295.4937544953978
293.26881271244633
295.49375449539747
-205.11831062431338
295.4937544953963
295.49375449539775
293.26881271243764
293.984731925153
295.66873048676155
296.0436817002685
295.2121720900704
293.700006355517
296.04368170026845
295.4937544953965
293.2688127124535
295.0231213888185
-204.76389035604478
294.01884614418185
-209.98679986259214
294.72374991852246
294.62821136663524
293.2688127124462
295.3086670235232
-201.6654412015832
294.3933555988573
293.36372439408393
293.26881271244724
294.62821136663405
-204.82305008044145
294.95128625087557
296.0436817002702
293.0333276107111
293.26881271244736
295.21184515821034
296.0436817002687
294.65474893538817
296.14089850436847
295.79554232223353
295.2118451582098
293.5930138124268
293.3637243940823
293.2688127124419
295.21217209007074
296.04368170026873
293.2688127124412
295.23245568624156
293.878946551488
296.0436817002695
-207.399563168217
295.2118451582089
292.1917184462093
296.04368170026964
293.2688127124484
293.9966225880272
295.21217209006943
294.64890254586976
296.0436817002689
296.0436817002697
294.3933555988544
294.6255834498745
296.0436817002698
296.0436817002683
-207.39956316821247
295.21184515820903
296.04368170026913
293.26881271244105
295.21184515820954
296.04368170026925
292.05649177820425
295.49375449539644
-204.78815484178944
295.2118451582098
296.04368170026896
293.26881271244537
295.23245568624145
295.232455686242
293.2688127124402
295.21217209006926
296.0436817002682
293.26881271243735
295.2121720900702
296.04368170026873
293.4841457306778
293.79917779306385
295.2121720900693
295.79554232223154
293.98473192515456
296.0436817002682
295.2118451582073
289.1554097020723
295.21217209006926
296.0436817002686
294.66661361801727
296.0436817002677
295.08881951635675
-204.78815484179185
295.2109829065707
296.0436817002688
293.2688127124398
295.3086670235232
296.043681700269
295.2118451582085
296.1408985043675
296.0436817002688
296.04368170026953
295.21184515820846
296.0436817002679
293.66750241962745
-201.66544120158323
295.2118451582097
296.04368170026896
293.2688127124444
293.2688127124416
294.39335559885643
-204.82305008044264
293.98473192515195
296.04368170026817
294.9512862508719
293.4892770713941
295.21184515820806
294.64890254586885
295.2121720900697
296.04368170026777
293.3637243940779
295.2118451582077
296.14089850436795
296.0888983192325
296.04368170026856
295.21184515820846
295.5062558415333
295.212172090069
295.7955423222314
-211.1478847330396
295.2121720900687
295.5062558415333
294.6282113666296
293.2688127124442
293.3637243940808
295.30866702352324
295.42439621066796
-212.79696567207338
293.26881271244673
295.212172090069
296.04368170026726
295.2118451582075
296.04368170026703
295.21184515820863
293.244908816715
295.2118451582083
-201.66544120158312
295.2118451582084
296.04368170026737
293.8248228193409
-204.7881548417927
295.2118451582079
293.2688127124383
295.2121720900681
-201.66544120158295
294.62821136663194
293.033327610719
296.04368170026845
295.2121720900684
296.04368170026794
-205.11831062431247
295.21217209006824
296.0436817002669
295.0888195163557
295.21217209006886
296.0436817002684
295.2121720900677
295.50625584153397
295.09532483509196
296.04368170026663
294.35644273967125
295.2121720900674
296.04368170026805
295.21217209006807
296.043681700268
295.2121720900692
296.0436817002679
295.21217209006943
296.0436817002682
294.52058231553247
295.66873048676064
-201.66544120158312
295.21217209006784
296.0436817002687
-204.82305008044503
295.2121720900672
296.0436817002683
295.212172090068
296.0436817002682
295.2121720900666
296.0436817002678
295.21217209006784
294.6489025458715
296.14089850436756
-201.665441201583
294.95128625086926
296.04368170026856
295.2121720900674
296.04368170026754
295.49375449539485
293.033327610717
296.04368170026777
292.879728791335
294.45977557493495
295.21217209006727
296.04368170026817
295.4937544953937
290.90469452310316
295.66873048676
296.04368170026595
295.2121720900674
293.0333276107178
296.043681700267
295.2324556862377
295.2121720900686
296.0436817002658
295.21217209006653
295.76998793403374
296.043681700268
295.2121720900671
294.64890254586675
296.04368170026663
294.9512862508704
296.04368170026646
295.21217209006556
296.0436817002659
295.21217209006653
296.04368170026714
293.984731925147
293.2688127124404
274.49623543661346
296.0436817002662
295.21217209006755
295.21217209006596
296.04368170026737
295.21217209006596
296.04368170026646
296.04368170026726
295.21217209006494
293.0509574627151
296.0436817002668
295.21184515820596
296.0436817002666
295.21217209006625
296.04368170026675
295.2121720900659
296.04368170026726
295.0888195163526
295.49375449539406
296.04368170026703
296.14089850436676
293.5930138124202
295.4937544953919
-204.7146907771557
295.212172090066
296.04368170026663
295.2121720900655
296.04368170026663
295.22960969184624
295.2121720900659
296.04368170026584
295.2121720900655
-201.6654412015832
295.21217209006585
296.0436817002659
295.09532483508906
293.03332761071744
295.38330337443176
295.2324556862362
295.21217209006426
293.2688127124404
295.2121720900653
296.0436817002671
295.21217209006545
296.04368170026635
293.8248228193337
296.043681700266
295.2121720900658
296.0436817002661
295.212172090064
295.66873048675745
296.0436817002667
295.21217209006534
296.043681700266
295.2121720900643
296.04368170026606
295.21217209006517
294.5754029915632
295.7955423222277
294.9512862508691
296.0436817002664
295.49375449539446
293.2688127124439
295.21217209006517
294.68556011400494
295.78981437136343
296.0436817002663
295.3086670235192
296.04368170026703
295.2121720900647
296.04368170026595
295.2121720900645
293.593013812418
293.98473192514786
296.0436817002656
-202.45760247950207
295.21217209006403
293.5930138124193
294.95128625086886
293.8016629316048
295.21217209006346
293.79917779305214
295.22960969184646
295.2121720900649
293.26881271244616
295.2121720900655
296.0436817002652
-204.82305008044762
293.26881271245094
295.2121720900646
296.04368170026567
295.2121720900639
296.04368170026567
294.2887318927562
296.04368170026555
294.991914689597
293.98473192514933
-211.6037466618202
295.2121720900644
293.593013812423
295.2121720900648
293.48927707138654
294.2887318927578
-204.76389035604637
295.21217209006306
295.66873048675694
294.685560114001
294.6282113666239
295.21184515820386
294.28873189276084
294.28873189276254
295.7955423222285
296.0436817002649
295.09532483508815
295.21217209006414
293.593013812418
295.21217209006363
-209.60371192953357
295.2121720900642
-209.082461783556
294.69169084859124
295.21217209006414
293.59301381242165
295.21217209006346
-207.28613098937382
295.0953248350876
294.95128625086795
296.0436817002649
294.2887318927665
296.04368170026527
291.99045856276757
294.64226000234
296.04368170026453
294.5741019686837
296.0888983192299
-201.66544120158315
295.23245568623435
295.10423898079307
295.21217209006136
296.0436817002645
295.2121720900629
296.0436817002658
295.2324556862324
293.36372439407296
294.57540299156295
296.043681700265
296.0436817002659
294.28873189276084
-204.76389035604524
294.62821136662546
-204.76389035604484
295.23245568623406
-201.07497037281428
295.2324556862345
293.59301381241653
-213.8484387672969
295.23245568623474
294.57540299156324
289.5970666482202
295.21184515820215
-206.45217434965483
295.09532483508656
294.57410196868767
296.04368170026476
-204.71469077715662
295.232455686233
294.5754029915685
296.14089850436545
294.57540299156506
293.7991777930515
294.57540299156403
296.0888983192293
293.7703453374098
-204.76389035604555
295.21217209006204
293.5930138124184
-205.11831062431295
295.78981437136264
296.04368170026356
-205.11831062431386
295.2324556862339
296.04368170026527
294.5754029915629
294.6855601140002
295.21184515820175
296.088898319229
294.57540299156136
296.0436817002643
294.5754029915628
-201.6654412015831
294.62821136662416
-212.69361980735013
295.2121720900613
296.04368170026527
-205.4245970084362
295.2324556862332
294.57540299156256
293.8016629315999
294.5754029915593
-201.66544120158312
295.23245568623287
294.57540299156136
293.801662931599
294.6547489353924
296.043681700264
294.5754029915622
296.0436817002648
294.40689543540395
296.04368170026436
-205.11831062431344
295.23245568623224
294.57540299156045
296.0436817002643
-201.07497037281436
-205.11831062431293
-204.82305008045074
295.2324556862328
294.575402991563
296.0436817002637
292.05649177820436
294.57540299156346
289.8854876379684
294.5754029915605
296.0436817002647
-204.76389035604456
295.2121720900595
296.0436817002639
294.5754029915644
294.61895918341895
294.2987230808221
296.04368170026316
-204.71469077715685
295.2109829065624
-201.07497037281453
293.15354147692926
294.64890254586516
296.043681700264
294.57540299156085
296.0436817002637
293.48927707138125
294.57540299156125
296.0436817002645
294.57540299156096
296.0436817002635
294.57540299156074
296.0436817002635
294.6422600023367
294.64890254586624
296.0888983192282
295.308667023516
296.0436817002633
293.0509574627088
296.04368170026373
-201.66544120158318
293.28929437842675
-204.71469077715884
295.212172090062
294.31568391337964
293.03332761071306
-201.0749703728149
295.2121720900612
296.0436817002634
294.57540299155926
296.04368170026396
294.5754029915622
-211.11070936714418
295.4937544953887
294.5754029915607
296.04368170026265
-204.7638903560438
295.2121720900609
296.04368170026305
294.57540299156375
296.1763149442122
296.1408985043635
296.0436817002635
294.575402991565
296.04368170026396
294.5754029915629
296.0436817002633
294.57410196867824
-211.14788473305862
294.9500468430251
294.57540299155926
296.0436817002635
293.033327610711
-204.76389035604691
295.21217209006096
296.0436817002623
294.5754029915599
-201.66544120158323
295.2121720900603
296.04368170026254
294.5754029915626
296.04368170026174
294.5754029915573
296.140898504364
296.04368170026305
294.65474893539573
296.0436817002621
294.57540299155784
296.0436817002624
294.57540299155926
292.76378448096045
292.7440792305624
294.5754029915566
296.04368170026453
294.6422600023333
296.0436817002629
294.57540299156284
-201.66544120158323
294.8948405967386
293.03332761071124
294.5754029915607
296.0436817002639
294.5754029915623
296.0436817002632
294.57540299156096
296.0436817002626
293.21509934174014
290.56422524104823
-204.763890356049
295.2324556862314
-201.07497037281445
295.23245568623156
294.57540299156045
294.9512862508638
295.6687304867533
296.0436817002624
294.57540299155727
296.0436817002625
294.5754029915576
296.0436817002619
294.3156839133814
294.57540299156
294.57540299155846
-201.66544120158323
295.21098290655897
294.5754029915587
296.0436817002621
294.5754029915564
296.088898319227
295.5444063897888
294.57540299155664
296.04368170026163
294.5741019686793
296.14089850436346
296.0436817002614
294.5754029915587
296.0436817002618
295.49375449538695
-205.42589803131816
295.23245568623014
295.9993437679874
294.5754029915608
294.6669105164443
293.03332761070834
294.2987230808123
296.04368170026135
294.575402991555
-211.4006384628423
294.95128625086454
296.0436817002608
294.5754029915599
292.7582976312134
294.57540299155846
296.04368170026135
294.5754029915588
296.0436817002611
294.5741019686762
296.04368170026225
293.87894655147824
294.4243097151188
294.57540299155517
296.0436817002614
294.5754029915577
296.0436817002618
294.5754029915577
294.6669105164437
294.57540299156017
296.0436817002611
-201.07497037281482
-211.93824033247495
294.95128625086295
296.04368170026146
294.57540299155977
295.79554232222193
293.3201754400354
294.57410196868244
292.763784480952
-201.07497037281482
294.03585954676606
-201.0749703728148
294.95128625086204
296.04368170026174
294.5754029915606
296.0436817002607
294.5754029915562
296.0436817002603
-206.38803724553148
294.95128625086187
295.56576190790594
294.6422600023328
296.0436817002607
294.34363518106517
294.5754029915608
296.04368170025975
294.642260002332
-212.9400377806107
294.95128625086187
296.0436817002609
294.03585954676674
294.5754029915573
296.0436817002612
294.9512862508624
293.59301381240846
294.57540299155954
296.04368170026095
294.57540299156085
296.04368170026186
294.5754029915593
296.04368170026186
294.57540299156113
-202.83495563104924
294.95128625086295
294.6855601139933
294.2987230808152
294.5741019686764
296.04368170026004
294.5754029915573
296.0436817002609
294.5754029915602
296.0436817002608
294.5754029915596
296.0436817002601
294.65474893538817
294.57540299155806
296.04368170025833
294.5754029915566
-201.6654412015833
294.9512862508627
296.0436817002607
294.29872308081593
294.5754029915629
296.0436817002596
294.5754029915616
295.7955423222217
294.6547489353936
296.0436817002598
291.5978239547782
294.57540299156153
296.04368170026
294.2887318927537
294.2987230808129
294.5754029915594
296.04368170025947
294.65474893539016
296.17631494421033
-201.66544120158304
294.72413677644727
294.6422600023327
296.04368170025975
292.7996424130234
294.5754029915611
-203.27354430825562
-205.775935433367
-204.77006939299804
294.9512862508604
296.0436817002607
294.57540299155835
295.5062558415278
294.575402991559
-201.66544120158326
295.4937544953841
294.57540299155613
296.0436817002605
294.57540299156
296.0436817002612
292.05649177819146
294.5754029915637
296.04368170026106
294.2987230808163
294.57540299156204
296.0436817002606
294.57540299155687
294.5754029915601
295.800880398418
294.5754029915591
296.0436817002598
292.05649177819754
294.57540299155966
294.4395523800884
292.0564917781875
294.57540299155636
294.68556011399625
294.5754029915555
295.80088039841854
294.9500468430219
296.04368170025873
294.575402991562
-212.39084750662454
293.3637243940636
294.57540299156057
296.04368170025884
294.29872308081616
294.57540299156193
296.043681700259
294.575402991559
296.0436817002602
-201.0749703728147
294.7080433984806
294.65474893538857
294.57540299155613
-212.22958533760453
294.95128625085897
296.0436817002605
294.2987230808132
294.5754029915619
295.38330337442153
294.57540299156125
294.64890254585805
296.04368170025896
294.5754029915563
-210.50506926968032
290.1306048954107
-204.76389035604754
294.9512862508593
294.666910516439
294.2887318927567
294.5754029915608
296.04368170026
293.87298500648456
296.0436817002592
294.5754029915596
295.7955423222194
293.2150993417484
296.0436817002596
293.8789465514813
296.0436817002595
294.575402991558
294.66691051643613
294.57540299156074
296.0436817002592
294.57540299156017
296.0436817002593
294.5754029915586
289.87164169039914
296.0436817002591
287.8185099397939
295.6212217543754
294.57410196867994
295.38330337442227
294.64226000233367
293.9874871370102
296.0436817002597
293.03332761070413
294.57540299155875
296.04368170025964
293.7145543179126
296.0436817002596
294.57540299155414
296.04368170025987
-204.76389035604666
294.2781451508525
296.0888983192254
295.80088039841803
294.57540299155824
296.04368170026015
294.5754029915571
295.10533407077327
294.65474893539033
294.57540299155875
296.04368170026004
294.57540299155994
-212.94003778061403
294.2781451508526
294.5754029915581
296.04368170025975
294.57540299156
294.9512862508592
294.685560113994
296.04368170025907
-205.42589803132532
294.9512862508568
296.0436817002586
-204.76389035604905
294.95128625085766
296.04368170025896
295.23245568622417
291.8161008767057
296.04368170025816
294.5754029915601
296.04368170025833
294.5754029915569
294.68556011399164
294.64226000233685
296.0436817002582
294.70804339847865
293.87894655148364
296.043681700259
-215.39480791380603
294.27814515085015
294.5754029915618
-201.66544120158323
294.951286250858
296.04368170025936
-204.7638903560479
294.951286250858
294.68556011399346
293.4892770713789
294.2887318927541
294.6422600023342
296.0436817002589
-204.7700693930013
294.9512862508557
296.1408985043614
296.04368170025907
294.57540299155795
296.043681700258
294.6422600023347
296.0436817002594
-205.42459700844148
294.95128625085516
294.95128625085755
296.0436817002585
294.6422600023331
296.0436817002581
-204.8092754589397
294.95128625085755
296.14089850436164
296.04368170025873
294.6422600023336
296.0436817002589
294.5754029915584
296.04368170025896
294.5754029915575
296.04368170025907
294.29872308081053
296.0436817002583
294.29872308081065
296.04368170025896
294.5754029915574
296.0436817002591
294.5754029915618
295.2324556862244
294.5754029915581
296.04368170025754
294.57540299155704
296.04368170025754
290.5642252410501
294.5754029915561
296.0436817002577
-201.07497037281476
294.95128625085664
296.0436817002587
294.5754029915565
296.04368170025765
294.6422600023331
-201.66544120158318
296.0436817002584
294.5754029915601
295.92274462557486
294.575402991558
296.043681700258
294.95128625085545
295.80088039841775
-204.76389035604947
294.4395523800882
294.5754029915584
-213.5095695653122
296.0436817002579
294.574101968677
293.28434325692297
296.0436817002577
294.57540299155636
295.2324556862212
294.5754029915571
295.9993437679842
294.57540299155716
296.0436817002569
294.57540299155835
296.04368170025765
-201.07497037281513
-201.6654412015832
296.04368170025697
294.5754029915539
296.04368170025714
294.3156839133789
294.5754029915577
296.04368170025595
296.0436817002589
289.8825148679743
294.5754029915588
-214.26878450347635
296.0436817002578
294.57540299155806
285.91360495111667
296.0436817002578
294.9512862508535
-212.22958533762633
278.8988619496807
294.57540299155625
296.0436817002589
294.5754029915557
296.0436817002573
294.5754029915532
295.9993437679837
294.57540299155596
296.0436817002571
294.5754029915583
296.04368170025697
292.0564917781859
292.0564917781884
294.29872308081093
296.0436817002568
294.28873189275095
294.57540299155704
294.6855601139906
294.575402991557
296.043681700258
294.57540299155744
296.04368170025793
294.5754029915566
294.6537913477661
-201.66544120158315
293.8789465514787
296.04368170025725
-205.11831062431952
296.04368170025725
294.57540299155744
296.0436817002581
-205.11831062431813
295.7955423222165
294.5741019686758
294.2781451508472
293.1103166880937
292.4029859113034
293.48927707137386
294.5754029915562
296.04368170025776
294.5754029915567
295.73944656937005
292.05649177818617
294.3156839133741
-201.07497037281533
296.0436817002569
294.57540299155903
296.1408985043601
-209.2321088292042
296.0436817002563
294.5754029915556
295.3138479278734
-201.66544120158315
294.68556011398795
294.575402991556
296.04368170025634
-201.07497037281502
296.0436817002557
294.575402991554
295.49375449537973
293.03332761070135
294.6547489353919
294.9512862508543
295.9993437679839
294.5754029915552
-201.66544120158323
296.0436817002563
294.575402991559
296.043681700256
294.3156839133742
294.5754029915573
-209.00804716851266
296.0436817002555
293.03332761070715
294.5754029915592
296.04368170025657
293.03332761070317
294.28873189275157
-211.73779649053807
294.68556011398937
293.07653865872936
296.04368170025623
294.5754029915584
296.0436817002553
294.3156839133745
-205.4245970084467
296.0436817002566
296.043681700256
294.57540299155636
-217.13663701365255
296.0436817002562
294.5754029915557
296.0436817002574
294.66922827589343
296.04368170025697
293.0333276107042
292.1649953933724
293.03332761070436
293.10487966758984
295.99934376798353
294.5754029915526
296.0888983192227
-215.15034273574375
296.043681700256
294.5754029915563
296.0436817002563
294.2987230808118
294.6422600023337
296.0436817002559
294.57540299155465
295.9227446255743
295.10533407076696
294.5754029915568
296.04368170025583
294.2781451508466
294.2987230808132
294.57540299155664
-201.6654412015832
296.04368170025447
294.57410196867596
296.04368170025566
294.5754029915568
296.0436817002553
296.04368170025595
294.5754029915594
294.5754029915543
-208.95607054197723
295.10533407077116
294.3156839133738
294.57540299155573
294.65379134776515
296.0436817002553
294.57540299155494
296.0436817002547
294.31568391337174
-213.2045206946302
296.0436817002564
294.65474893538413
294.57540299155517
295.80088039841746
-201.07497037281524
294.575402991555
296.176314944209
295.313847927872
296.0436817002567
294.5754029915577
296.0436817002545
294.0596077154296
-204.76389035605035
296.0436817002546
294.57540299155426
294.6537913477639
296.04368170025555
294.5754029915564
296.0888983192223
296.04368170025424
294.57540299155653
296.04368170025475
294.57540299155517
294.8670827103815
293.4892770713695
294.57540299155414
296.04368170025595
294.57540299155346
295.7955423222141
-201.66544120158323
296.0436817002557
296.04368170025435
294.57540299155573
295.1053340707668
-204.71469077715915
296.0436817002554
294.575402991554
296.0436817002558
294.5754029915556
296.04368170025583
-204.7146907771588
-209.84022950381882
295.10533407077105
294.57540299155465
296.0436817002553
294.575402991555
294.66691051643147
-204.7146907771597
295.3138479278723
296.0436817002546
294.6547489353862
293.03332761070226
-204.7638903560527
296.04368170025555
294.5754029915546
296.0436817002549
294.65474893538874
-204.71469077715926
296.04368170025464
294.5754029915563
296.04368170025555
293.41207394797686
294.31568391337305
294.5754029915563
-201.6654412015832
296.0436817002551
294.57540299155994
296.04368170025487
-205.11831062432105
296.0888983192212
-201.66544120158323
-209.83377852847505
296.0436817002545
294.6547489353878
294.575402991556
-201.66544120158338
-203.2735443082566
-201.66544120158335
296.0436817002545
294.5754029915576
294.86708271038276
294.5754029915541
296.0436817002556
294.57540299155295
294.95128625085107
296.04368170025447
294.57540299155625
294.37264418189847
294.57540299155295
288.97304587759675
294.5754029915565
295.922744625574
294.5754029915532
296.04368170025396
294.2887318927498
291.57638067597236
296.04368170025384
294.5754029915534
-214.22731990542266
-201.66544120158315
296.04368170025447
-204.71469077715872
296.0436817002546
294.5754029915578
296.0436817002542
294.6547489353847
294.57540299155676
295.9227446255736
294.5754029915554
294.8670827103798
-201.0749703728151
295.3177787741386
294.5754029915539
295.99934376798143
293.8789465514775
-204.7146907771604
296.04368170025265
-204.76389035604961
296.1408985043586
296.0436817002548
294.5754029915563
296.0436817002542
294.575402991555
296.0436817002529
294.5741019686737
-204.76389035604984
296.043681700254
294.5754029915531
296.0436817002545
294.575402991558
294.27438962721436
296.04368170025424
294.372644181897
294.57540299155386
296.04368170025396
293.4892770713743
294.575402991556
296.04368170025464
294.57540299155266
296.04368170025316
-205.11831062432216
295.4940078706127
-205.11831062431622
296.0436817002525
294.5754029915532
296.04368170025305
-204.7146907771581
296.0436817002538
292.0564917781923
293.8789465514743
296.04368170025435
294.31568391337095
294.5754029915556
296.04368170025344
-214.19313911220505
296.0436817002538
-204.71469077716282
296.04368170025384
294.5754029915526
-209.83012731165067
296.0436817002532
294.31568391337044
294.57540299155403
295.7955423222118
294.57540299155477
296.0436817002538
292.056491778186
294.5754029915529
296.04368170025344
-204.76389035605044
296.0436817002534
-205.42459700844293
296.0436817002535
294.3156839133705
294.5754029915568
296.0436817002536
294.31568391337197
294.5754029915568
296.04368170025333
294.08871849582073
294.57540299155266
296.04368170025367
294.5754029915588
296.0436817002537
294.57540299155346
-212.58767910126502
296.0436817002524
294.3156839133723
-205.42459700844822
296.0436817002534
294.315683913372
294.57410196867386
296.0436817002518
294.57540299155437
296.0436817002531
294.3156839133741
294.3156839133697
293.63203703821137
294.57540299155335
-201.66544120158323
-213.03582012137403
295.1053340707657
294.31568391337186
-215.42872463135814
296.0436817002512
294.57540299155306
294.6666136180136
296.14089850435755
296.043681700253
-205.11831062431838
296.0436817002522
294.28873189274714
296.0436817002524
296.04368170025407
293.73082062208186
294.3156839133704
294.3156839133721
294.2570679805097
296.0436817002535
-203.1166965304309
296.0436817002529
294.3156839133718
-204.76389035604998
295.3026477096759
294.64226000232907
296.043681700253
-204.7146907771631
296.140898504358
296.04368170025333
-205.42459700844674
296.0436817002538
294.3156839133722
293.878946551473
-201.665441201583
295.7955423222124
294.31568391337316
-204.7146907771633
296.04368170025265
-205.1183106243194
-212.57215434140883
-201.66544120158323
-205.1183106243211
-201.66544120158332
-211.14788473309795
295.1053340707642
-204.71469077715543
296.0436817002525
293.8789465514744
296.08889831921783
296.04368170025407
-201.6654412015833
294.6547489353849
294.65474893538686
-205.11831062432233
296.04368170025225
293.03062219477846
294.57540299155386
296.04368170025197
294.5754029915533
295.1053340707642
294.27814515083725
-211.88614673419985
296.04368170025185
294.5754029915551
296.04368170025265
-204.76389035605098
296.0436817002514
-201.07497037281576
295.49375449537337
294.31568391337345
-205.42459700844617
296.0436817002523
-204.7146907771617
290.06636713461677
294.31568391336947
294.31568391337237
294.3156839133711
-204.71469077716208
296.14089850435545
296.0436817002509
294.3156839133736
293.9028041740085
294.3156839133703
294.951286250846
296.0436817002511
294.3156839133726
-205.42459700844725
295.49228111427124
294.5741019686739
296.0436817002515
294.31568391337566
294.3156839133716
294.3156839133761
294.3156839133743
294.64226000232776
296.0436817002519
294.315683913372
294.3156839133759
294.5741019686744
296.04368170025174
296.043681700252
294.3156839133709
294.3156839133734
294.3156839133714
294.6422600023291
296.0436817002513
294.31568391337225
294.57540299155517
296.0436817002522
293.033327610706
294.5741019686762
-211.75528083588628
-213.24834419726434
294.31568391337447
294.6547489353854
-201.07497037281541
-201.66544120158335
295.9024577247827
296.0436817002517
294.3156839133723
294.57540299155164
296.04368170025003
294.315683913375
-201.0749703728153
-212.40160140937064
294.9512862508462
-213.54027445213956
295.3833033744083
294.31568391337214
-205.88157384353013
296.0436817002504
-204.7638903560471
294.6669105164238
294.3156839133724
294.3156839133706
294.6422600023294
296.0436817002507
-211.8861467341794
293.8789465514783
296.04368170025157
294.31568391336975
294.31568391337555
294.31568391337396
-210.9844971135823
296.0436817002524
294.31568391337214
-201.07497037281485
296.04368170025043
-201.07497037281556
296.0436817002512
294.31568391337373
294.31568391337106
-201.07497037281502
295.3833033744074
294.31568391337294
-205.11831062431915
295.7955423222092
294.57410196867147
296.0436817002514
294.29872308080814
-201.66544120158323
296.0436817002521
294.3156839133687
294.31568391337606
294.3156839133741
-204.71469077716102
295.9024577247833
296.04368170025117
294.2987230808061
296.0436817002511
-204.71469077715938
-204.71469077716063
296.0436817002517
294.31568391337424
294.31568391337265
-204.71469077716273
295.2944126455544
-210.99860086904195
295.1053340707648
294.31568391337174
294.31568391337277
294.31568391337385
-205.42459700844782
294.2887318927481
295.9227446255716
-211.3851973722925
296.04368170025083
294.31568391337714
-205.1183106243155
296.0436817002493
294.57540299155227
296.1408985043554
296.04368170025043
293.4892770713681
294.3156839133718
294.31568391337373
296.0436817002502
292.05649177819834
293.90174162525943
296.04368170025106
294.57410196867085
296.0436817002513
294.3156839133712
294.3156839133713
294.31568391337333
294.31568391337396
294.57410196867176
295.2103498623603
-211.38519737230283
-210.19617900079493
295.9227446255719
294.315683913368
294.29872308080525
296.04368170025066
294.31568391336907
294.3156839133734
294.31568391336765
-201.07497037281524
296.0436817002491
294.3156839133704
-204.7146907771606
296.04368170024975
294.3156839133697
294.31568391337447
296.0436817002486
294.31568391337544
294.6422600023273
295.9024577247825
296.04368170025026
294.29872308080724
-208.1665453736009
296.0436817002488
294.3156839133734
-204.7146907771634
296.04368170024895
294.28873189274736
296.0436817002499
294.31568391337447
294.31568391337305
294.3156839133694
-204.71469077716225
296.04368170025117
294.2987230808015
-201.66544120158335
296.0436817002492
294.3156839133694
294.3156839133704
294.3156839133717
294.3156839133726
294.31568391337044
293.8789465514804
295.9024577247823
295.79554232220715
294.31568391337055
294.3156839133688
294.31568391337333
-204.71469077716043
296.0436817002499
294.64226000232463
290.58220305026117
294.3156839133701
294.31568391337316
294.6666136180098
296.04368170024884
294.3156839133684
290.5523901597739
296.04368170024924
294.31568391336776
294.3156839133683
294.08871849581413
294.3156839133711
-204.71469077716444
-211.07846683125135
-201.6654412015834
296.0436817002493
294.31568391337066
294.31568391337015
293.8789465514728
296.14089850435414
296.1551748470545
296.0436817002477
294.65474893538675
-205.42459700844668
-202.85666542421006
296.04368170024765
294.2987230808069
296.043681700249
294.3156839133694
294.31568391337447
294.31568391337163
294.3156839133701
294.31568391336856
294.64226000232617
295.38330337440505
294.3156839133695
293.4892770713567
294.16629008065513
294.3156839133727
294.65474893538146
-204.71469077716563
295.92274462557197
294.31568391336674
294.5741019686758
296.0436817002481
294.31568391336765
294.315683913369
294.3156839133683
292.41819922155184
294.31568391337004
-211.3851973722978
296.0436817002487
294.28873189274225
295.46593769850995
294.654748935387
294.3156839133714
294.57540299154766
296.0436817002494
-201.07497037281533
296.14089850435374
296.04368170024856
294.6422600023253
296.0436817002492
294.31568391337055
293.87894655147016
296.04368170024765
294.31568391336646
294.31568391336754
294.31568391336765
294.3156839133675
294.3156839133691
294.3156839133683
-201.07497037281584
296.04368170024816
-205.42459700844776
-201.6654412015835
296.0436817002481
293.4892770713653
294.31568391336754
294.31568391336947
292.85840514322217
-205.11831062432196
-207.2904023962333
295.1053340707589
295.922744625571
294.31568391336975
294.315683913368
296.0436817002496
294.3156839133685
292.05649177818793
295.3272142686896
294.29872308080485
295.92274462557117
-205.11831062432412
296.04368170024856
294.3156839133703
294.3156839133686
294.31568391336765
294.65474893538567
295.6687304867345
294.31568391336754
294.3156839133659
294.5754029915533
295.7955423222056
294.31568391336924
-206.9397029925152
283.2741722930597
296.04368170024844
294.65474893538476
295.902457724781
-201.66544120158335
296.08889831921545
296.0436817002488
-210.33164156259133
296.0436817002487
292.8657577603726
294.31568391337083
292.0103847614825
296.0436817002489
294.3156839133662
294.3156839133691
294.29872308079695
296.17631494420544
296.04368170024816
294.3156839133669
294.31568391336987
-204.76389035605104
296.04368170024776
293.0333276106979
296.04368170024765
294.65474893538817
296.04368170024856
294.31568391337
294.3156839133706
294.3156839133735
-205.88157384353403
296.0436817002482
-204.7638903560538
296.04368170024696
-204.71469077716506
296.04368170024776
294.31568391336646
293.48927707135925
294.3156839133665
294.64226000232253
296.0436817002478
294.3156839133683
287.4670183937191
294.3156839133662
294.3156839133674
294.3156839133675
293.0333276106977
296.0436817002465
294.31568391336697
293.0333276106951
294.31568391336964
294.28873189274475
296.0436817002482
294.3156839133646
294.3156839133661
294.3156839133696
294.3156839133687
294.0525527347103
294.31568391336816
292.0564917781787
294.3156839133721
-204.71469077716304
296.04368170024634
294.3156839133692
-201.07497037281624
296.0888983192137
296.0436817002459
294.31568391336776
294.3156839133644
292.45819004348016
294.31568391336674
291.96279826819546
294.3156839133666
294.31568391337106
294.31568391336936
294.3156839133693
294.3156839133686
294.31568391336646
294.31568391336765
294.2887318927424
-201.66544120158338
294.64890254584657
296.04368170024776
293.4892770713556
294.3156839133663
294.2987230807966
296.0436817002473
294.31568391336583
294.6422600023257
296.0436817002473
294.3156839133656
-204.71469077716586
296.04368170024657
-211.20130263104843
296.04368170024776
294.31568391336737
-204.7638903560552
296.04368170024605
296.04368170024804
-201.07497037281618
296.04368170024657
294.64226000232037
-201.6654412015835
-201.66544120158355
296.14089850435187
295.3833033744014
294.2887318927355
296.043681700247
294.2781451508251
-205.42459700845015
296.04368170024657
-204.71469077716372
296.04368170024674
294.17631011788524
-204.71469077716458
296.04368170024617
294.3156839133678
294.3156839133672
294.3156839133674
294.3156839133661
294.2781451508227
294.31568391336765
294.3156839133658
294.3156839133669
294.31568391337015
293.4195209263362
294.27814515082224
294.3156839133656
-205.11831062432594
293.6580038316143
294.31568391336697
294.31568391336816
294.6422600023242
296.04368170024657
294.18664667973957
294.27814515082326
294.3156839133676
294.29872308079945
295.92274462557003
293.6901775105527
295.4937544953666
294.315683913365
-204.7638903560531
296.04368170024674
294.31568391336634
291.1404455775091
296.04368170024577
294.3156839133652
294.64226000231986
296.0436817002462
294.31568391336344
294.65474893538425
296.0888983192126
296.0436817002466
294.3156839133649
294.3156839133695
291.96279826819523
294.31568391337254
294.2887318927443
295.3833033744009
294.3156839133675
294.31568391336594
294.3156839133719
294.3156839133681
294.3156839133677
294.0887184958089
294.2781451508206
293.0333276106965
296.04368170024605
293.48927707135863
294.08871849580936
294.31568391336486
294.31568391336987
294.3156839133668
-205.11831062432225
294.31568391337026
294.29872308080013
295.3228425594871
294.31568391336793
-201.6654412015834
296.04368170024657
294.31568391336833
291.2959063368478
296.043681700247
294.29872308079376
295.6687304867311
296.0436817002462
-201.07497037281604
296.043681700247
294.315683913367
293.8789465514716
296.04368170024566
294.2781451508197
294.31568391336725
292.05649177817895
-211.18847719713108
296.04368170024617
294.31568391336504
294.31568391336623
-217.94082374684348
296.04368170024634
294.3156839133644
294.31568391336333
293.878946551472
296.043681700246
293.3637243940402
294.3156839133644
294.3156839133672
291.0378140372877
296.0436817002461
294.3156839133678
294.3156839133648
-204.76389035605234
295.6212217543569
294.1988764399518
292.4181992215414
295.7955423222014
294.08871849580714
-202.15813815568364
295.2103498623552
294.6547489353833
296.0436817002462
294.65582754064184
296.0436817002458
294.1866466797436
294.3156839133688
-201.07497037281593
296.04368170024674
294.57540299155335
294.6489025458434
-201.66544120158343
296.04368170024463
292.1649953933566
294.31568391336606
-204.76389035605405
296.10708398685654
295.3833033744011
294.31568391336333
294.57540299154743
-214.33899656607232
296.04368170024514
295.20661695198487
293.87894655146744
-210.6118758913662
295.9227446255688
-210.33164156259485
296.0436817002454
295.23245568620206
294.08871849580754
-204.7638903560519
294.6855601139819
293.0333276106938
296.04368170024463
294.31568391336754
-204.71469077716742
-212.58538734617406
296.0436817002456
294.31568391336367
294.3156839133619
294.1763101178831
294.298723080799
296.043681700244
296.04368170024526
294.6422600023225
296.0436817002445
294.08871849581084
294.3156839133683
293.4892770713548
-204.7146907771639
296.04368170024406
-205.11831062432253
296.0888983192109
296.0436817002452
-204.7638903560521
296.0436817002437
294.31568391336947
294.31568391336793
294.3156839133714
295.2324556862012
294.27814515081803
296.0436817002442
293.0333276106899
-210.8245489515577
-201.66544120158358
296.0436817002439
294.3156839133624
294.6422600023241
296.0436817002445
294.64226000232105
296.0436817002429
294.6422600023217
290.88736897491333
293.48927707136187
294.64226000232134
296.04368170024327
293.8803722986018
296.0436817002435
294.64226000232225
296.0436817002443
294.64226000232276
295.922744625569
294.562018588135
296.0436817002441
295.2324556862019
294.642260002321
294.4329379400077
294.52084305209183
296.04368170024463
296.1544239838787
295.66873048672863
295.6687304867289
296.04368170024327
294.65071176097086
296.04368170024395
296.0436817002453
294.6547489353862
-209.11263102510011
296.0436817002445
294.6422600023193
276.4763803163364
-201.07497037281576
296.0436817002439
293.489277071354
294.6422600023199
296.04368170024406
294.6422600023211
295.8152710956328
296.04368170024526
294.64226000232236
296.043681700244
294.6422600023206
295.7955423221989
294.6422600023233
296.0436817002439
294.6422600023209
296.0436817002441
294.64226000232304
296.0436817002438
294.6422600023202
296.04368170024406
292.0564917781726
-212.19637670117933
295.7955423221986
294.1848473542973
296.0888983192118
296.0436817002435
294.6422600023233
296.04368170024344
294.64226000232185
294.6547489353853
296.04368170024486
294.64226000232566
296.10708398685483
296.1070839868553
294.2987230807934
294.6422600023263
-201.66544120158343
-201.66544120158326
-201.66544120158338
294.18664667973337
296.0436817002437
292.05649177818026
294.64226000232196
296.1070839868545
296.043681700242
293.88037229860157
296.04368170024276
294.6422600023228
296.04368170024344
294.2987230807963
296.0436817002439
294.6422600023202
296.04368170024304
294.6422600023255
295.38330337439595
-201.07497037281644
296.043681700244
294.562018588137
295.66873048672704
295.66873048672795
296.0436817002437
294.6547489353828
296.10708398685466
295.66873048672716
296.0436817002429
294.64226000232554
-201.66544120158335
294.64226000232264
294.2081193662833
-203.11669653043367
296.04368170024304
294.6422600023217
296.0436817002438
294.6422600023245
296.0436817002436
294.34949312352944
294.34949312352944
294.64226000232105
296.043681700243
293.1103166880874
296.0436817002436
-205.06916707425668
287.0660468248116
296.0436817002427
294.38956338867183
294.6422600023235
-201.66544120158346
295.92274462556884
293.0333276106903
294.64226000232094
296.04368170024344
294.1897430748314
294.5620185881349
295.2324556861984
294.6422600023213
296.0436817002429
294.6692282758893
296.04368170024225
294.65474893537913
296.0436817002431
294.18664667973474
296.0436817002425
294.6422600023247
294.64226000232344
296.04368170024185
295.4937544953607
294.2987230808003
296.0436817002428
294.6422600023206
296.0436817002428
294.6422600023248
296.0436817002423
294.64226000232156
296.04368170024276
294.6422600023249
295.668730486725
295.10533407075695
294.64226000232355
294.6855601139828
296.04368170024355
292.05649177818304
296.0436817002431
294.6422600023232
296.04368170024355
294.2987230807979
296.04368170024327
294.6422600023196
296.0436817002431
292.05649177817395
295.79554232219635
294.6422600023224
296.0436817002424
294.34949312352865
-213.90568517488273
296.04368170024253
294.6422600023254
294.6422600023211
-201.6654412015834
296.04368170024327
-205.81335332025992
296.04368170024185
294.64226000232475
296.043681700243
294.6422600023221
296.0436817002424
294.56201858814165
295.6687304867251
295.6687304867249
295.9227446255684
294.6422600023229
296.04368170024134
294.6422600023211
296.04368170024327
294.6558275406444
296.04368170024196
294.38956338867496
294.64226000232463
-201.66544120158338
294.68556011398016
293.0333276106906
296.0436817002432
294.64226000232105
292.74463944138694
292.0564917781758
294.6422600023213
295.3833033743953
294.39890531941734
-204.7638903560515
296.0436817002418
294.642260002324
296.04368170024196
294.6422600023233
296.0436817002427
294.57410196866823
295.79554232219806
294.64226000232145
-201.66544120158338
295.9227446255678
295.92274462556696
294.64226000232543
295.66873048672363
296.0436817002419
295.1053340707534
294.642260002322
296.0436817002415
294.6422600023199
292.744639441276
293.4892770713502
294.64226000232026
296.08889831920806
