-201.07683104106687
-202.1581381556768
-203.4764495022639
-203.8806220482446
-202.15813815567748
-209.88203672506458
-209.9523634484917
-209.1162211386414
-209.72896044377066
-211.70542898448363
-204.2851331017761
-210.5677150189148
-210.19983205048896
-201.66544120158233
-206.8739229452758
-209.5343656818071
-205.2611684068983
-203.48644428522118
-201.6654412015823
-201.6654412015822
-201.66544120158235
-207.95245415369274
-209.3043590468156
-208.9382359005201
-201.07497037281257
-204.97165828268524
-201.6654412015824
295.21034986241983
-207.37942511076247
295.80490914658895
-201.66544120158255
-203.2735443082418
-203.62120244346173
-202.31559517664553
-205.28504465972625
-208.61834147006013
-210.49833343875792
-201.07497037281254
-210.28708464299922
-204.80927545889074
-204.76700060321292
-206.69287298603828
294.80238695575997
-203.48644428522076
-201.66544120158224
-215.0177906319313
-209.07431113341187
-207.77946690257508
295.411815783093
-203.2726738735047
-202.856665424198
-211.54251670103875
-204.71584965281173
295.15625426576764
-201.0749703728121
294.0528426413181
-205.06916707423278
-201.66544120158233
-201.66544120158233
-201.96220430623785
294.01320251070814
295.21929098772756
-208.10392372988244
-201.6654412015823
-201.07497037281203
-201.66544120158258
-204.76389035604018
-201.66544120158224
-201.66544120158244
-201.66544120158244
-203.84776880187164
-209.34138845463673
-201.66544120158244
-202.45760247949576
-201.66544120158252
-201.66544120158252
-201.6654412015824
-201.66544120158247
-201.66544120158224
-202.8349556310436
-201.66544120158255
-201.66544120158252
-204.7146907771448
-201.66544120158238
292.9721525042753
-201.66544120158247
-202.83495563104412
-204.13925422040856
-201.66544120158235
-204.7638903560413
-201.66544120158235
-201.6654412015826
-201.6654412015825
-202.31559517664581
-201.66544120158258
-201.6654412015827
-235.29727859977942
-203.4764495022646
-201.6654412015825
-201.66544120158235
-201.66544120158235
-202.31559517664599
-201.66544120158238
-201.6654412015825
-204.76389035603822
-202.85666542419793
-201.6654412015823
-203.48644428522115
-201.6654412015823
-201.6654412015824
295.86250196521746
-201.66544120158258
-202.83495563104404
-203.48644428522064
-202.45760247949573
-204.09652516816035
-204.7638903560393
-203.47644950226427
-205.48765745393015
-201.6654412015823
-201.66544120158227
-201.66544120158235
-202.31559517664556
-203.26496025907397
-204.76389035603742
-202.3155951766457
-201.66544120158227
-201.6654412015823
-203.85738451902785
-203.71327105515954
-201.66544120158238
-202.31559517664556
-202.31559517664564
-204.76389035603572
-201.66544120158233
-201.6654412015824
-201.66544120158227
-201.66544120158227
-201.66544120158238
-201.66544120158267
-203.4864442852219
-201.66544120158235
-201.66544120158235
-201.66544120158227
-201.66544120158247
-201.66544120158235
-201.66544120158235
-201.66544120158255
-201.66544120158215
-202.31559517664581
-201.66544120158258
-201.66544120158233
-201.66544120158247
-201.66544120158238
-201.66544120158247
-201.6654412015825
-201.66544120158238
295.08254378496326
-201.6654412015822
-201.6654412015824
-201.66544120158244
-201.66544120158235
-203.50990183539773
-201.6654412015825
-201.6654412015826
-201.6654412015825
-201.66544120158233
-201.6654412015824
-202.4576024794962
-201.66544120158244
-201.66544120158247
-204.76389035604126
-201.66544120158247
-202.45760247949582
-201.6654412015825
-201.6654412015825
-209.4990831556643
-201.66544120158267
-201.66544120158244
-204.76389035603853
-201.66544120158255
-205.06916707422997
-201.66544120158255
-203.4764495022645
-201.6654412015824
-201.66544120158215
-201.07497037281212
-202.31559517664564
-201.66544120158218
-201.66544120158227
-201.6654412015824
-201.66544120158264
-201.66544120158247
-201.66544120158244
-201.66544120158238
-201.66544120158218
-201.66544120158233
-201.66544120158215
-201.66544120158224
-201.66544120158224
-201.66544120158218
-201.66544120158244
-201.66544120158255
-201.6654412015823
-204.76389035603825
-203.48644428522178
-201.66544120158215
-201.66544120158218
-201.66544120158235
-201.6654412015824
-201.66544120158252
-201.66544120158218
-201.66544120158244
-201.66544120158238
-201.66544120158244
-201.66544120158233
-202.31559517664599
-201.66544120158238
-201.66544120158252
-202.4576024794959
-201.66544120158252
-201.66544120158252
-201.66544120158244
-203.4864442852221
-204.76389035603327
-201.66544120158252
-201.6654412015825
-201.6654412015824
-201.66544120158252
-201.66544120158235
-201.66544120158252
-201.66544120158233
-201.66544120158227
-201.66544120158244
-201.66544120158252
-201.66544120158255
-201.66544120158258
-201.66544120158264
-201.6654412015825
-201.6654412015825
-201.6654412015822
-201.66544120158235
-201.66544120158218
-204.7638903560344
-201.66544120158247
-201.66544120158247
-201.6654412015822
-201.66544120158247
-201.66544120158235
-201.6654412015825
-201.6654412015825
-202.45760247949613
-204.68416094947935
-201.66544120158238
-201.66544120158224
-201.66544120158258
-201.66544120158224
-204.1374434310286
-201.66544120158227
-201.66544120158255
-201.6654412015824
-201.66544120158255
-201.66544120158233
-201.66544120158235
-201.6654412015822
-201.6654412015822
-201.66544120158252
-202.4576024794959
-201.66544120158238
-201.66544120158247
-201.66544120158255
-201.6654412015824
-201.6654412015822
-201.66544120158235
-201.66544120158227
-201.66544120158252
-201.66544120158238
-201.66544120158244
-201.66544120158252
-201.6654412015823
-201.66544120158238
-201.6654412015822
-201.66544120158244
-201.66544120158235
-201.66544120158227
-201.66544120158235
-201.66544120158235
-201.6654412015822
-205.20809667518537
-201.66544120158247
-201.66544120158238
-201.6654412015824
-201.66544120158227
-201.66544120158247
-201.6654412015824
-201.66544120158233
-201.66544120158227
-201.66544120158252
-201.66544120158227
-201.66544120158258
-201.66544120158255
-201.66544120158252
-201.6654412015823
-201.66544120158235
-201.66544120158233
-201.66544120158218
-204.76389035603756
-201.66544120158247
-204.763890356037
-201.66544120158247
-201.66544120158235
-201.66544120158235
-201.6654412015825
-201.6654412015823
-201.66544120158238
-202.83495563104393
-201.66544120158244
-201.66544120158244
-201.66544120158233
-201.66544120158215
-201.66544120158244
-201.66544120158218
-201.66544120158244
-202.31559517664599
-201.6654412015824
-202.8349556310443
-201.66544120158215
-201.66544120158235
-202.4576024794962
-201.6654412015823
-201.66544120158235
-201.66544120158238
-201.66544120158244
-201.66544120158247
-201.66544120158247
-201.66544120158235
-201.66544120158235
-201.66544120158238
-201.66544120158244
-201.66544120158227
-201.66544120158247
-201.6654412015825
-201.66544120158247
-201.66544120158244
-201.66544120158233
-201.66544120158238
-201.6654412015823
-201.66544120158247
-201.66544120158218
-201.66544120158247
-201.6654412015824
-201.66544120158244
-201.66544120158227
-202.83495563104407
-201.66544120158227
-201.6654412015825
-201.66544120158213
-201.66544120158247
-201.6654412015823
-201.66544120158233
-201.6654412015823
-201.66544120158224
-201.66544120158235
-201.66544120158235
-201.66544120158233
-201.66544120158238
-201.6654412015824
-201.66544120158244
-201.66544120158255
-201.66544120158247
-201.66544120158252
-201.66544120158238
-201.66544120158244
-201.66544120158238
-201.66544120158258
-201.66544120158215
-204.7638903560369
-208.15635263904937
-201.6654412015824
-201.66544120158238
-201.66544120158238
-201.66544120158235
-202.834955631044
-201.66544120158238
-201.66544120158238
-201.6654412015823
-201.66544120158252
-201.66544120158238
-201.66544120158233
-201.66544120158227
-202.3155951766462
-201.6654412015825
-201.66544120158267
-201.66544120158238
-201.66544120158252
-201.66544120158244
-201.66544120158235
-201.66544120158238
-201.6654412015824
-201.6654412015824
295.597789623335
-201.66544120158247
-201.6654412015824
-201.66544120158235
-201.6654412015825
-202.31559517664613
-201.6654412015826
-204.7638903560367
-201.66544120158235
-201.66544120158275
-201.66544120158252
-201.66544120158255
-201.6654412015822
-201.6654412015824
-201.66544120158252
-204.76389035603512
-201.66544120158233
-201.6654412015824
-203.01804981309647
-201.66544120158247
-204.81333675058798
-201.66544120158264
-201.66544120158255
-201.66544120158252
-201.66544120158258
-201.66544120158252
-201.66544120158247
-201.66544120158264
-201.66544120158233
-201.66544120158235
-201.66544120158255
-201.66544120158258
-204.76389035603947
-202.45760247949633
-204.7638903560378
-201.66544120158252
-201.66544120158238
-201.6654412015827
-201.6654412015824
-202.31559517664613
-201.66544120158244
-201.66544120158227
-201.6654412015826
-201.66544120158233
-201.66544120158233
-201.6654412015826
-201.66544120158233
-201.6654412015824
-201.66544120158244
-201.66544120158233
-201.66544120158233
-201.6654412015824
-201.6654412015824
-201.66544120158238
-201.66544120158235
-201.66544120158244
-201.66544120158238
-201.66544120158247
-201.6654412015824
-201.6654412015822
-201.66544120158258
-202.83495563104472
-201.66544120158255
-201.66544120158267
-201.66544120158255
-201.66544120158238
-201.66544120158255
-201.66544120158255
-201.66544120158255
-201.66544120158247
-201.66544120158238
-201.66544120158258
-201.66544120158233
-201.66544120158252
-202.45760247949684
-201.66544120158255
-201.6654412015824
-201.6654412015822
-201.66544120158233
-201.66544120158244
-201.6654412015824
-201.6654412015824
-201.66544120158244
-201.66544120158244
-201.66544120158255
-201.66544120158235
-201.6654412015824
-203.48644428522297
-201.6654412015824
-201.6654412015825
-202.31559517664627
-201.66544120158218
-201.66544120158247
-201.6654412015824
-203.48644428522346
-201.6654412015824
-201.6654412015824
-201.6654412015823
-203.89183551806482
-201.6654412015825
-201.6654412015825
-203.48644428522383
-201.66544120158235
-201.6654412015824
-201.66544120158238
-201.66544120158233
-201.66544120158233
-201.6654412015824
-201.66544120158275
-201.66544120158238
-201.66544120158247
-201.6654412015826
-201.66544120158238
-201.6654412015824
-201.6654412015826
-201.66544120158252
-201.66544120158244
-201.66544120158258
-201.6654412015822
-201.6654412015824
-201.66544120158272
-201.66544120158264
-202.8349556310447
-201.66544120158252
-201.6654412015826
-201.66544120158233
-201.66544120158258
-201.6654412015826
-201.6654412015825
-201.66544120158252
-201.6654412015826
-201.6654412015827
-205.45432605348833
-201.66544120158247
-201.66544120158264
-201.6654412015827
-201.6654412015826
-201.66544120158258
-201.66544120158264
-201.6654412015827
-201.6654412015825
-201.66544120158238
-201.66544120158264
-204.76389035604134
-201.66544120158244
-201.66544120158247
-203.48644428522397
-201.66544120158247
-201.66544120158244
-201.66544120158244
-202.45760247949676
-201.6654412015825
-201.66544120158252
-202.31559517664672
-201.6654412015824
-201.66544120158244
-201.66544120158264
-201.66544120158255
-201.6654412015825
-201.6654412015823
-201.66544120158247
-201.6654412015825
-201.66544120158255
-201.6654412015824
-204.76389035604006
-201.66544120158235
-203.48644428522394
-204.49796288488324
-201.66544120158235
-201.66544120158252
-201.66544120158247
-201.66544120158235
-201.66544120158264
-202.83495563104444
-201.66544120158252
-201.6654412015827
-201.6654412015825
-201.6654412015824
-201.6654412015825
-201.66544120158244
-201.6654412015825
-201.66544120158244
-201.6654412015825
295.8542264098495
-201.66544120158267
-201.66544120158255
-202.45760247949693
-201.6654412015825
-201.6654412015826
-201.66544120158264
-201.66544120158255
-201.66544120158255
-201.6654412015824
-201.66544120158247
-201.66544120158255
-201.66544120158247
-201.6654412015825
-202.83495563104532
-201.66544120158252
-201.66544120158252
-201.66544120158238
-201.66544120158247
-203.48644428522422
-201.66544120158264
-201.66544120158244
-201.66544120158244
-201.6654412015825
-201.66544120158247
-201.66544120158233
-204.76389035603776
-201.66544120158267
-201.6654412015825
-201.66544120158258
-201.66544120158247
-204.7638903560395
-201.6654412015822
-201.66544120158252
-201.66544120158233
-202.31559517664655
-201.6654412015824
-201.66544120158244
-201.66544120158235
-201.66544120158238
-201.6654412015822
-201.66544120158233
-201.66544120158207
-201.66544120158235
-201.66544120158213
-204.0965251681634
-201.6654412015826
-201.66544120158247
-201.66544120158252
-201.66544120158255
-201.66544120158238
-202.31559517664658
-204.12840396792168
-201.66544120158247
-201.6654412015824
-203.4864442852245
-201.6654412015826
