289.08410303211446
-210.3419142650402
-202.15813815567748
295.2621379516767
-201.0749703728123
-204.2851331017789
-211.93084863942482
-203.11669653042156
-209.52836227593224
-202.8566654241978
-210.2924388682511
-211.21931448559246
-201.6654412015824
-201.07497037281212
-209.05638003889757
-201.074970372812
-204.12840396791665
-207.51354729405554
-214.65846417659162
-209.3974323784109
-211.47535735007747
-208.7741520386461
-203.59315476865976
-214.64955538778682
-211.79674047683497
-201.66544120158247
-201.6654412015824
-208.78251389152354
-201.66544120158235
-201.66544120158238
-215.54843928051932
-201.6654412015825
-205.3831539110933
-211.85539342207034
-212.6376179838236
294.5436627977096
-223.1290090852205
-201.07497037281254
-204.0141410827661
-206.908920816874
-201.66544120158224
-203.47463892682674
-202.3155951766457
-201.07497037281217
-207.22611518959542
-201.07497037281217
-209.86543242474656
-206.27315595588
-201.66544120158247
-201.07497037281226
-213.90884062038512
-207.60434080581007
-201.66544120158244
-201.6654412015822
-201.6654412015823
-204.1344639850955
-201.66544120158258
-201.66544120158233
-203.2735443082417
-201.66544120158235
-201.66544120158227
-202.31559517664573
-201.66544120158247
-201.6654412015823
-201.66544120158233
-201.66544120158258
-202.8349556310439
-207.82384391152115
-202.8349556310438
-201.66544120158244
-209.56587208053486
-209.9518383893925
-202.3155951766456
-205.06916707422852
-201.66544120158252
-211.8582444851811
295.86255656897345
-206.4757780225745
-201.66544120158224
-204.13446398509515
-201.66544120158255
-201.66544120158252
-219.23298516220197
-201.66544120158238
-203.58078973501677
-219.5249383533512
-201.6654412015825
-201.66544120158252
295.53362189708525
-206.37003527470162
-201.66544120158235
-202.83495563104418
-202.83495563104415
-202.31559517664581
-201.66544120158258
-202.83495563104458
-228.16162252019242
-203.4955353087431
-202.3155951766458
-201.66544120158235
-201.66544120158235
-205.06916707422982
-242.96755471487717
-201.6654412015825
-201.6654412015823
-203.83383244429703
-210.45699082811288
-209.23766609121034
-204.3936537397553
-206.43019054382808
-208.07305166579235
-209.74668544323293
-209.53733018663334
-207.14479679564835
-210.52315835113345
-216.94109530071725
-206.88362477095052
-207.79459869015528
-207.18889909988704
-204.80506354748385
-209.55344332600313
-213.98327696127137
-209.85674022288404
-213.05585136069632
-202.31559517664584
-209.73154809605555
-209.4712828745101
-209.42539884161388
288.86087065776974
292.8580437761849
-206.72685363730886
-207.16603688729214
-205.7377644444699
-206.73400102338982
293.257832903829
296.0436817002975
-226.23885018690274
285.6120391086895
293.41952092647773
-206.43122408870002
-211.23841001304757
-207.7887649250062
295.30801506545316
293.4376195706336
-201.07497037281124
-204.90964232256434
295.9024577248091
294.35644273977033
296.16587933612027
-206.37411174415232
-206.91412464808332
-207.22741895441231
-203.27267387350253
291.49213003330635
-206.91412464807672
291.4921300333052
-207.74822610664089
294.23447863067497
-208.04581725055704
294.0358595468574
-206.27437179082614
-205.81796891429556
294.9500468430812
-207.8904271671043
294.95004684308185
-205.25784066195732
294.9716880517799
294.95004684308185
294.9500468430813
-206.16336824638375
-206.6044639207212
-207.42269999530774
-206.3793951228817
292.53889623598315
294.9500468430812
-207.72926584170062
-207.72926584170665
-208.64740489751543
295.9993437680208
-207.70331147049026
-207.97598037080192
293.34269715612515
-209.35926452889635
-210.3288048526222
-208.24230774049673
-208.0025044645923
-208.49316990073106
-207.393666272365
-208.17273019320018
-207.49294018914554
-210.89892217421215
-210.0268457810181
-218.41012904229024
-207.62489343557223
295.8584868142111
295.89742257362917
-208.12457377918798
-203.47463892682657
-208.08046677496304
296.04640563359
-207.17909869983635
-208.00250446458196
295.8405167334725
-208.50878255041022
-207.23608646581994
-207.1790986998403
-207.1790986998422
-205.4081240976459
294.36398368018547
293.9810174880667
295.65878551874084
295.3864524396001
294.0132025107085
295.8974225736294
295.8974225736288
-206.45476969794893
295.38645243960036
295.3864524396003
295.8974225736292
-203.47463892682677
295.8827805069123
295.3864524396013
295.89742257362934
295.8974225736289
295.89742257362974
295.65878551874147
295.89742257362917
-204.1025774263714
294.9670100765253
295.8974225736297
295.89742257362917
-204.10257742637094
295.89742257362997
295.5213222134663
-204.8241108931573
-201.66544120158255
293.9874871370689
293.98101748806863
295.2915812376168
295.8974225736291
295.8974225736288
295.89742257362974
295.89742257362917
295.89742257362917
295.89742257362883
-205.53238596180864
-201.6654412015822
295.8974225736294
-205.53238596180827
-204.82411089315477
295.89742257362957
-204.10257742637097
-204.82411089315514
-203.59315476866124
-204.824110893155
-204.82411089315457
-201.66544120158224
-201.6654412015823
295.73944656941865
295.89742257362906
-203.47463892682717
-204.82411089315457
295.10533407081095
295.89742257362957
295.89742257362894
295.8974225736302
295.4937544954351
293.65124132066956
295.8974225736297
295.8974225736289
-204.82411089315525
295.60707247083826
-203.01804981309598
296.04368170029613
-201.07497037281203
295.9993437680202
295.89742257362866
-202.45760247949602
-204.8241108931566
-207.33043317278862
-204.8241108931555
-204.82411089315315
295.7955423222684
295.7898143713944
295.78981437139413
295.8974225736297
295.78981437139316
-205.8684430183029
294.65071176099707
295.5274406455525
295.78981437139333
294.7241367765199
-202.45760247949616
296.14089850438853
295.789814371394
294.0238738089735
295.8974225736298
295.8974225736292
295.89742257362917
295.78981437139305
295.7898143713935
295.78981437139333
-205.40945429192803
-201.66544120158235
-204.82411089315602
295.7898143713926
-207.5876513904073
-204.8241108931553
-204.82411089315696
-204.86236246224902
-204.82411089315565
295.795542322269
295.897422573629
295.3025043226347
295.8974225736284
295.7898143713928
295.78981437139277
295.8584868142086
295.7898143713925
294.64226000235544
294.64226000235647
295.7898143713933
-204.82411089315832
-204.82411089315735
296.17763249093804
295.7898143713941
294.6185395031124
294.57410196870296
295.89742257362894
295.8584868142081
295.3030883413486
295.7898143713933
295.89742257362906
295.7898143713929
295.78981437139265
295.7898143713929
295.78981437139333
295.78981437139265
-207.18842323434404
295.9024577248074
295.7898143713926
295.78981437139396
295.78981437139385
295.89742257363014
295.7898143713939
295.897422573629
295.8974225736297
295.3080150654489
295.89742257362957
-203.4746389268267
295.38330337447667
295.57650111978865
295.8974225736298
295.89742257362946
-202.45760247949616
-204.82411089315892
296.04368170029727
295.7898143713932
295.28022244074225
295.78981437139424
295.7898143713927
295.0231213888579
295.7898143713944
295.78981437139305
295.7898143713932
295.78981437139294
295.78981437139265
295.7898143713931
295.7898143713923
295.78981437139254
295.0231213888572
295.78981437139294
295.78981437139356
295.7898143713937
295.85848681420856
295.7898143713934
-205.47279348198376
-206.4749770141858
296.04368170029574
295.78981437139237
295.789814371392
-206.4749770141787
-206.52824097404047
-204.82411089316017
296.04368170029556
295.78981437139197
295.78981437139214
-205.76458109741185
-204.8241108931566
-204.82411089315755
-206.32254789803545
-204.8241108931596
296.14089850438705
295.7898143713917
295.7898143713921
295.7898143713925
295.8904205235811
295.7898143713927
295.78981437139254
294.9768185333234
295.78981437139123
295.78981437139197
295.30308834134706
295.78981437139157
295.7898143713932
295.7898143713926
-205.45320821490705
-204.82411089316267
-206.32254789803392
295.1053340708072
295.78981437139225
295.7898143713919
295.78981437139214
295.78981437139214
295.4937544954296
295.7898143713923
295.7898143713902
295.7898143713915
295.7898143713917
295.3025043226313
295.8584868142078
295.49375449543106
295.6070724708375
-202.45760247949693
-204.82411089316147
295.348912059878
293.8884325366898
295.78981437139174
295.890420523579
-208.08708363679563
-204.82411089316133
296.176314944227
295.7898143713927
295.7898143713918
295.78981437139134
295.7898143713915
295.4937544954316
295.8584868142081
295.85848681420686
295.78981437139265
295.78981437139214
295.85848681420805
295.78981437139197
295.78981437139123
295.7898143713916
295.7898143713918
295.78981437139197
295.7898143713922
-202.45760247949676
296.1763149442278
293.59301381248264
295.858486814206
291.3477685472917
295.78981437139083
295.02312138885395
295.3030883413454
293.8884325366911
295.78981437139066
295.85848681420697
295.9203511618379
295.7898143713911
295.78981437139083
295.7898143713915
295.78981437139157
-204.82411089316184
-204.82411089316182
296.176314944226
-205.6024074969289
296.08889831925455
295.78981437139157
295.85848681420737
295.85848681420714
295.85848681420805
293.8884325366911
295.85848681420714
295.6070724708362
295.7898143713911
295.8584868142063
293.8884325366913
295.32211525543846
295.7898143713916
295.7898143713913
295.78981437139146
295.02312138885605
295.78981437139197
295.8584868142073
295.85848681420595
295.02312138885594
295.9203511618367
295.85848681420663
294.7241367765123
295.8584868142073
295.85848681420543
295.858486814207
-204.82411089316005
295.38330337447485
295.8584868142066
-201.6654412015823
-204.82411089316074
-204.824110893161
-205.10112835934535
-201.66544120158244
-205.7262649910083
-204.86236246225556
296.1776324909365
295.30308834134576
295.8584868142073
295.85848681420697
295.85848681420725
295.89042052357826
295.3025043226309
295.858486814207
295.85848681420697
295.60707247083513
-205.85510235756766
-205.72626499101293
-204.82411089316338
295.92035116183774
293.91589810937467
295.860745779586
293.5930138124733
295.8584868142068
295.85848681420646
295.8584868142055
295.85848681420634
295.85848681420697
-205.16736963296665
-204.82411089316318
-204.82411089316224
-205.12452159944556
294.02387380896647
295.85848681420634
295.92035116183735
293.5930138124782
295.92035116183786
295.9203511618364
-206.03186750317343
295.99934376801673
295.92035116183763
-204.82411089316128
-204.8241108931629
296.04368170029363
295.92035116183683
295.9203511618374
295.60707247083457
295.92035116183644
295.9203511618378
-206.4749770141862
-201.66544120158244
-204.82411089316471
-207.1241754383292
296.0436817002922
294.02387380896704
295.57785524644123
295.9203511618369
295.92035116183695
295.9203511618368
-203.48020779764676
-206.474977014189
-204.8241108931616
-204.82411089316358
296.04368170029323
295.9203511618373
295.9203511618366
295.9203511618367
295.92035116183666
295.92035116183604
294.64226000235357
295.92035116183706
295.9203511618371
295.9203511618381
295.92035116183644
295.9203511618365
296.0436817002926
295.9203511618375
295.92035116183695
295.9203511618369
295.920351161837
295.9203511618375
296.0436817002937
295.92035116183655
295.9203511618367
295.9203511618362
295.89742257362786
295.9203511618362
295.9203511618366
295.920351161836
295.92035116183683
295.92035116183706
295.920351161837
295.8904205235782
295.920351161837
295.92035116183666
295.92035116183735
295.92035116183723
295.30308834134615
294.64226000234595
295.18519335753695
295.8974225736287
295.9203511618366
-204.07964883816356
-204.82411089316298
296.04368170029284
295.92035116183683
294.6422600023538
295.9993437680156
295.92035116183746
295.92035116183683
-203.48020779764732
295.9203511618361
295.920351161836
-202.45760247949718
296.0888983192541
295.9203511618369
295.9203511618368
295.9203511618366
295.92035116183547
295.9203511618362
295.3030883413474
295.89042052357945
295.9203511618366
295.9203511618366
295.920351161837
295.9203511618359
295.92035116183604
295.9203511618354
295.9203511618366
-203.82629989484445
296.0436817002935
-202.45760247949696
296.0436817002917
295.9203511618356
295.9203511618361
-203.4802077976469
296.0436817002916
295.9203511618363
295.9203511618371
295.9203511618364
-202.4576024794971
295.999343768015
295.9203511618365
295.9203511618361
295.9203511618359
295.92035116183655
296.04368170029113
295.92035116183604
294.9670100765158
295.9203511618368
295.3030883413447
-203.82629989484428
296.0436817002922
295.9203511618364
-204.07964883816305
296.0436817002907
295.92035116183615
295.09872704729344
295.92035116183666
295.9203511618358
295.92035116183587
295.9203511618364
295.92035116183683
295.920351161837
295.92035116183575
295.92035116183695
295.9203511618362
295.9203511618364
295.0987270472937
295.9203511618367
295.92035116183627
-206.07562336433486
296.0436817002916
295.92035116183547
295.8974225736276
-206.0756233643325
296.08889831925364
295.9203511618354
295.9203511618358
-203.82629989484533
296.04368170029153
295.9203511618367
295.9203511618364
295.9203511618346
295.92035116183644
295.920351161836
295.85848681420407
295.9203511618356
295.8974225736283
295.30250432262744
294.6422600023525
-202.457602479497
296.043681700292
295.9203511618356
294.0238738089674
295.92035116183536
296.04368170029073
295.9203511618352
295.89042052357803
-203.82629989484545
-205.967226980872
295.3833033744708
295.9203511618359
295.6070724708336
295.89042052357735
295.92035116183683
295.9203511618359
295.9203511618354
295.92035116183496
295.9203511618354
295.92035116183536
295.92035116183524
295.9203511618353
295.92035116183536
295.9203511618358
295.92035116183524
295.9203511618346
295.92035116183604
295.920351161836
295.92035116183627
295.92035116183587
295.9203511618361
295.9203511618356
295.89042052357803
295.92035116183564
295.30308834134286
295.920351161836
295.9203511618356
295.92035116183627
295.9203511618358
295.0987270472944
-204.7670006032212
296.04368170028937
-203.48020779764792
296.04368170029073
295.9203511618347
295.92035116183536
295.8974225736278
295.9203511618349
295.9203511618354
295.09872704729156
295.9203511618347
295.0987270472944
-206.44622327205178
296.0436817002916
295.8584868142042
295.7898143713888
294.6422600023495
294.6422600023499
294.56595495792885
294.6422600023482
294.6422600023528
-201.9622043062398
296.14089850438455
-208.08708363679293
296.1905129205597
294.6422600023506
294.64226000235107
296.0436817002914
-201.07497037281271
296.0436817002908
294.6422600023464
294.6422600023488
-201.07497037281226
296.04368170029045
294.6422600023512
294.64226000235004
294.6422600023472
294.3176335776689
294.6422600023497
290.5587809820011
292.4723559654865
294.6422600023494
294.64226000234925
293.91589810936546
294.3176335776667
294.6422600023523
294.6422600023526
294.64226000234936
-201.07497037281266
296.04368170029005
294.64226000235004
293.91589810937325
293.9158981093724
294.64226000235084
294.20721768228395
294.6422600023506
-201.0749703728122
296.04368170029
296.0436817002906
-207.4657664146686
296.04368170029085
293.915898109368
294.5659549579254
294.64226000234953
-208.08708363679898
-204.86236246226096
295.9203511618354
293.32030821311537
294.64226000235095
294.64226000234913
294.6422600023485
294.64226000234805
290.73684347044025
293.3759172759281
294.565954957928
294.64226000235055
294.64226000235163
294.64226000235107
294.6422600023489
294.6422600023504
294.6422600023525
-208.08708363679972
294.64226000235146
294.6422600023511
294.64226000235215
294.6422600023519
294.6449626052239
-223.6605354949353
296.04368170028994
-207.12417543833328
296.04368170028954
294.64226000234856
294.64226000234834
294.6422600023488
294.6422600023488
-201.07497037281254
296.04368170028977
294.64226000234885
294.6422600023486
294.64226000234663
-211.27532357596363
296.0436817002882
294.642260002347
294.6422600023445
-208.08708363678986
296.0436817002884
294.64226000235107
293.3203082131176
293.44379232305664
294.64226000235107
296.0436817002896
294.6422600023499
294.5659549579231
-208.0870836367908
296.04368170028977
294.6422600023486
294.6422600023473
-208.28420610254082
296.0436817002898
294.6422600023509
294.6422600023515
294.64226000235067
293.4437923230496
294.6422600023512
294.6422600023523
-208.80173382587515
296.0436817002887
293.9158981093742
294.5659549579279
294.64226000235175
294.64226000234675
-208.08708363678926
296.0436817002882
294.31763357766897
294.64226000234794
294.65582754066526
-207.4657664146692
296.0436817002888
294.64226000235055
-207.12417543831828
-206.01158014774896
296.04368170028823
294.57540299157046
294.3176335776695
294.6422600023527
-208.08708363679088
296.04368170028744
294.64226000235095
293.32030821311986
294.6422600023492
294.5659549579256
294.650711760999
294.642260002352
293.9158981093762
-223.09937571258678
295.865356624028
295.92035116183473
-207.4657664146712
-201.66544120158258
295.8948421370283
294.6422600023494
294.5620185881754
294.6422600023509
294.6422600023522
293.3203082131135
294.64226000235027
294.64226000234805
294.6422600023462
294.6422600023517
295.9203511618347
294.64226000234765
293.91589810937154
294.6422600023498
295.9203511618345
294.6422600023461
-201.6654412015825
293.8016629316332
294.6422600023529
-202.45760247949784
296.0436817002884
-210.2445054409829
296.04368170028835
294.6422600023473
-208.0870836368002
296.08889831925006
294.64226000234885
294.64226000234896
-208.08708363679918
296.04368170028755
293.91589810937415
294.65582754066355
294.5659549579228
295.9203511618341
295.9203511618336
294.6422600023458
294.64226000234777
295.89742257362724
295.9203511618339
294.64226000234675
294.64496260522515
-207.46576641468377
296.177632490935
294.6422600023512
294.6422600023494
294.6422600023475
295.9203511618341
294.64226000234635
-201.0749703728128
296.04368170028715
295.9203511618345
-207.46576641467547
295.3833033744637
294.6422600023503
294.6422600023477
295.9203511618339
294.64226000234544
295.9203511618344
294.6422600023469
294.6422600023447
294.64226000235067
295.9203511618337
294.6422600023443
294.6449626052203
294.64226000234845
294.6422600023461
294.6422600023496
294.64226000234834
295.9203511618338
294.6422600023439
295.92035116183297
293.7469719147793
-207.8113916981792
296.0436817002881
-207.45748216017515
296.0436817002872
-203.82629989484712
296.08889831925
-204.76389035604237
296.0436817002861
295.920351161835
294.64226000234544
295.03795978877713
294.6449626052189
294.65071176098894
294.31763357766334
293.91589810936574
294.64226000234305
293.4618405657365
294.5754029915687
295.9203511618341
294.6422600023491
295.9203511618336
295.9203511618337
294.6422600023394
-203.826299894847
296.0436817002868
295.9203511618335
294.64226000234737
295.92035116183365
294.64226000234504
295.92035116183416
294.57540299156847
-210.35784973947833
296.1408985043819
-201.0749703728132
296.04368170028766
295.9203511618338
-207.46576641468218
294.56201858817144
296.1763149442244
294.6422600023467
295.920351161834
296.0436817002875
295.9203511618335
294.3176335776678
294.6558275406585
295.92035116183354
294.6422600023475
295.9203511618346
-206.56087506727545
296.04368170028687
295.92035116183376
294.6422600023466
295.9203511618335
294.6422600023421
-205.27666775263188
296.17631494422375
290.54070216356746
291.9639083042248
294.64226000234333
295.9203511618343
294.6422600023422
295.9203511618337
295.92035116183416
294.64226000234385
294.64226000234635
294.6422600023461
294.5620185881691
295.9203511618333
-201.6654412015825
296.043681700288
-207.48666694754746
296.0436817002866
295.92035116183405
294.6422600023482
294.642260002345
293.4437923230433
295.9203511618338
294.64226000234447
294.64226000234487
294.6422600023444
293.4437923230424
293.66750241964075
294.6422600023442
294.64226000234487
294.64226000234606
-201.07497037281334
296.0436817002859
294.642260002344
294.6422600023461
294.5659549579178
294.562018588169
294.642260002346
294.64226000234686
294.6422600023439
-204.76389035604387
-203.25415279438823
-205.8036135844315
295.87995814485174
294.64226000234487
294.64226000234186
294.6422600023464
294.64496260521776
-204.763890356044
296.0436817002859
295.9203511618335
294.64226000234396
294.64226000234373
-201.07497037281325
296.0436817002866
294.6422600023431
294.64226000234333
294.31763357766164
294.6422600023438
294.6422600023455
294.6422600023439
294.64226000234635
294.6422600023432
294.6422600023423
293.91589810936273
294.64226000234606
294.5741019686979
296.04368170028613
294.6422600023476
294.6422600023419
293.9158981093698
294.6422600023462
294.64226000234584
294.64226000234703
294.5754029915701
294.6422600023434
294.64226000234316
294.6422600023466
294.6422600023431
291.96279826822234
295.92035116183297
294.64226000234356
-209.8027972999087
296.04368170028516
295.9203511618329
294.64226000234726
294.64226000234635
294.6422600023451
294.6422600023434
294.642260002346
294.64226000234044
-201.0749703728133
296.0436817002863
294.6422600023451
294.6422600023421
294.64226000234527
294.6422600023453
293.66750241963854
294.3176335776581
293.0763653642154
294.64226000234544
294.642260002344
294.5754029915686
291.36522644323117
294.6422600023442
294.64226000233833
-208.7431433061836
295.9024577248013
294.5620185881667
294.6422600023446
294.6422600023478
294.64226000234123
296.17763249093576
294.64226000234197
293.91589810936284
-207.46576641469048
296.0436817002845
294.64226000234504
294.64226000234527
294.5367822162681
294.64226000234544
293.32030821311236
294.6507117609885
294.6422600023439
294.65582754065963
-205.45432605350288
-206.25302808522449
296.04368170028494
294.5620185881697
294.6422600023415
294.6422600023463
294.64226000234527
294.6422600023469
294.64226000234595
294.6422600023478
294.3895633887082
294.6422600023447
294.3466065490717
-201.07497037281348
-206.32254789805665
296.0436817002856
295.27266293326755
295.79558192778313
295.78981437138157
294.6422600023455
-201.66544120158244
296.04368170028454
295.78981437138174
291.54745404412006
294.6422600023444
294.64226000234146
295.5259358081538
294.6422600023463
294.6422600023424
281.4246235924285
294.64226000234356
294.6422600023428
295.7898143713809
294.6422600023463
293.9158981093664
295.78981437138185
294.64226000234544
291.297878252356
294.642260002347
-201.07497037281323
296.0436817002843
295.7898143713819
294.6422600023421
294.5659549579226
295.7898143713816
-206.75951037566654
296.04368170028306
284.8243007296162
294.6692282759039
294.64226000234135
294.642260002346
294.6422600023458
294.72413677649115
294.6547489353933
295.7898143713824
294.6422600023452
294.64226000235027
294.64226000234794
294.64226000234584
-206.75951037566176
296.04368170028346
295.30308834133785
-215.4048588977619
296.04368170028465
295.3030883413381
294.6422600023457
293.053397851481
294.64226000234504
293.6857448070954
295.7898143713815
295.78981437138054
294.64226000234174
294.6422600023461
294.5659549579204
294.6422600023431
-201.07497037281297
296.1763149442232
294.6547489353973
295.7898143713795
296.04368170028505
295.7898143713814
294.6547489353937
295.7898143713806
294.64496260522077
293.68574480709475
295.78981437138066
294.64226000234686
294.64226000234413
293.68574480709395
294.6422600023484
294.65071176099
293.78371141833384
294.5754029915697
294.64226000234146
293.7145543179354
293.32030821310633
295.7898143713807
294.64226000234623
296.0436817002831
295.7898143713801
294.6422600023462
293.68574480708907
294.0238738089562
294.57540299156926
294.6422600023426
294.6422600023479
293.10487966761355
294.64496260522225
294.6422600023498
294.6422600023453
294.6422600023473
294.5754029915701
-206.7595103756615
-201.66544120158264
296.0436817002834
295.78981437138
-210.77894567865343
296.04368170028346
295.92035116183206
291.4921300332837
294.6422600023437
-220.70696147330636
295.7898143713807
294.6422600023431
294.6422600023436
294.6422600023459
294.6422600023433
294.64226000234504
294.64226000234396
294.56142063636065
293.91589810936534
294.6422600023416
293.91589810935903
294.64226000234544
286.54744820944336
294.64226000234476
294.64496260521935
294.5614206363589
293.08587013416394
-226.12472293902346
296.0436817002826
294.65474893539476
294.6547489353994
294.6547489353966
294.6547489353965
291.1055889800372
294.65474893539306
294.6547489353966
294.6547489353947
-213.52902742490645
-212.48314328470795
-210.2692033418286
296.14089850437864
294.6547489353961
294.6547489353974
-212.51490570914595
292.5924676571542
294.6547489353989
294.6547489353964
-320.5435448721627
292.21554333414605
-251.10723737377717
-207.2859305589482
292.21554333415
-211.94613457336715
-207.1564463614828
-208.03328875038156
-214.23452176014112
-212.56318513350442
-222.26734124935396
-213.290469991863
-207.15644636148198
-212.44750367044213
-213.290469991861
-206.28961081776185
-214.72485966737952
-213.29046999185826
-206.3085504457273
-213.29046999186713
-213.0395717159397
-219.09348463443425
-213.20010945608476
-216.88392921595974
-212.99306106645918
-212.9930610664541
-271.1059030735952
-212.9930610664597
-210.4892014750687
-210.48920147507005
-212.99306106646318
-236.61906137233922
-211.82476327676181
-213.87645887144862
-218.47354430676222
-239.27676416979094
-211.019416290012
-211.01941629002374
-215.38309149476373
-201.66544120158264
-217.8187317228487
-233.49531376008835
-267.5739780343167
-209.15920564716455
-217.39596179026495
-210.31449643995205
-258.1356472997442
-215.2252515301978
-212.26455469397587
-207.43622804911016
-215.97457578986013
-201.66544120158287
255.23763214282616
-213.34314421335438
-215.48449620346764
-216.8241945465287
-207.47935506394546
-307.8259075736925
-209.17407861535247
-214.2204913822949
-224.41630309890164
-102.84822057019458
-241.34879320042458
-201.66544120158272
-236.14924160557726
-245.16211180739487
-209.98791056291506
-227.38722821248612
-211.01941629001564
-221.62849658057266
-212.40802950180287
-206.5799658038453
-209.37948694043234
-230.43852296175885
-205.35503739478116
-211.28501778435646
-215.58611273878034
-210.76087712810855
-229.78637063007068
-206.57996580384167
-212.6510877773242
-212.4080295018076
-210.08605848249533
-210.05414853606908
-216.02976519571024
-239.65816140097127
-211.56419977084585
-209.64771420515123
-212.8239361100675
-216.21009809087508
-214.83814581422325
-211.22833355119454
-234.2965126149816
-225.5468969667307
-208.1740461531985
296.16777473547126
-229.7840070867185
