-209.45288458536078
-203.27354430824155
-209.31114673259617
-202.8463814889179
-202.84638148891767
-212.13356723938614
-205.428887148946
-209.56550533430317
-201.07497037281212
-203.82236750906097
-211.0114812505731
-203.27267387350386
294.8863388607026
-203.90754287450218
-207.4565497847881
-209.48412854720922
-204.19509085341215
-210.29227406705314
-204.51705213072495
-201.07497037281234
-208.2548529496492
-209.07319062613823
294.247126220741
-210.10915417929144
-202.7838436586616
-201.07497037281215
-203.8477688018718
-201.6654412015824
-202.1581381556778
-207.3039031801987
-208.18825713359792
-202.85666542419804
-204.71360766130204
-202.8566654241978
-209.26854503298892
-202.85666542419818
-203.4864442852208
292.8337991636244
-204.13749803478188
295.1851933575483
292.56384752051093
-203.8918355180602
-206.45532330041507
-201.07497037281217
-201.66544120158224
-201.66544120158224
295.19520726687057
-203.47644950226376
-202.8463814889179
-203.11669653042236
295.21034986241807
-203.11669653042242
-204.1374980347821
-201.6654412015822
-202.8349556310437
-205.41613123723786
-201.66544120158258
-201.66544120158233
-211.74717705583828
-201.66544120158235
295.4420784713678
-201.66544120158233
-202.834955631044
-202.84638148891773
-209.9729828012155
-202.31559517664567
-201.66544120158244
-201.66544120158224
-201.66544120158244
-201.66544120158244
-204.81333675058306
-201.6654412015824
-203.26496025907363
-205.5224626919442
-204.11850065738182
-204.51705213072657
-202.45760247949605
-207.4544653698975
290.8779309945497
-205.3109750204286
-201.66544120158255
-202.83495563104427
-201.66544120158233
-201.66544120158238
-203.4864442852212
-202.45760247949565
-201.6654412015825
-203.48644428522084
-202.45760247949562
276.5776982847609
-203.50990183539702
-201.6654412015826
-203.25415279438653
-201.66544120158255
-201.07497037281186
-201.6654412015827
-203.25415279438675
294.1763101179277
-201.6654412015825
-204.2375838703931
-201.66544120158235
-201.6654412015825
-201.66544120158238
-201.6654412015825
-204.49796288487775
-201.6654412015823
-203.48644428522155
-201.6654412015823
-204.71469077714613
-201.6654412015824
-205.06916707422988
-201.66544120158258
-201.66544120158238
295.1866632494165
-202.31559517664584
-201.66544120158233
-201.66544120158227
-202.45760247949573
-202.31559517664581
-201.6654412015823
-203.2649602590738
-201.66544120158235
-204.76389035603634
-203.57941976796576
-202.8349556310445
-202.45760247949573
-205.6533934509208
-201.6654412015823
-202.8349556310434
-201.66544120158227
-206.421757743826
-201.66544120158218
-201.6654412015824
-201.6654412015823
-201.66544120158233
-201.6654412015824
-201.66544120158227
-201.66544120158227
-202.45760247949596
-201.66544120158267
-201.66544120158224
-202.45760247949593
-202.31559517664581
-201.66544120158227
-202.83495563104395
-201.66544120158235
-201.66544120158235
-201.66544120158255
-201.66544120158215
-201.66544120158252
-201.66544120158258
-201.66544120158233
-201.66544120158247
-201.66544120158238
-201.66544120158247
-202.83495563104412
-201.66544120158238
-201.6654412015823
-202.3155951766455
-201.6654412015824
-201.66544120158244
-201.66544120158235
-201.66544120158235
-201.6654412015825
-201.6654412015826
-204.76389035603754
-201.66544120158233
-201.6654412015824
-204.13749803478365
-204.76389035603808
-201.66544120158247
-201.6654412015824
-201.66544120158247
-201.0749703728123
-203.48644428522263
-201.6654412015825
-201.6654412015825
-201.66544120158267
-201.66544120158244
-201.66544120158247
-204.76389035603833
-202.4576024794959
-201.66544120158255
-201.6654412015824
-201.6654412015824
-201.66544120158215
-202.83495563104364
-201.66544120158233
-201.66544120158218
-201.66544120158227
-201.6654412015824
-201.66544120158264
-201.66544120158247
-206.58871904439434
-201.66544120158238
-204.76389035603694
-201.66544120158233
-204.7638903560387
-201.66544120158224
-201.66544120158224
-201.66544120158218
-201.66544120158244
-201.66544120158255
-201.6654412015823
-201.66544120158238
-201.6654412015824
-201.66544120158215
-201.66544120158218
-201.66544120158235
-201.6654412015824
-201.66544120158252
-201.66544120158218
-201.66544120158244
-201.66544120158238
-201.66544120158244
-201.66544120158233
-203.4864442852225
-201.66544120158238
-201.66544120158252
-201.6654412015824
-201.66544120158252
-201.66544120158252
-201.66544120158244
-201.66544120158252
-205.20809667517733
-201.66544120158252
-201.6654412015825
-201.6654412015824
-201.66544120158252
-201.66544120158235
-201.66544120158252
-201.66544120158233
-201.66544120158227
-201.66544120158244
-201.66544120158252
-201.66544120158255
-201.66544120158258
-201.66544120158264
-201.6654412015825
-201.6654412015825
-204.8133367505862
-202.834955631044
-201.66544120158218
-202.83495563104367
-204.76389035603634
-201.66544120158247
-201.6654412015822
-201.66544120158247
-201.66544120158235
-204.76389035603714
-201.6654412015825
-201.66544120158213
-201.66544120158238
-201.66544120158238
-201.66544120158224
-201.66544120158258
-202.84638148891824
-201.6654412015823
-203.48644428522243
-201.66544120158255
-201.6654412015824
-202.45760247949607
-201.66544120158233
-201.66544120158235
-201.6654412015822
-201.6654412015822
-201.66544120158252
-201.66544120158233
-201.66544120158238
-201.66544120158247
-201.66544120158255
-201.6654412015824
-201.6654412015822
-201.66544120158235
-201.66544120158227
-201.66544120158252
-205.52246269194472
-201.66544120158244
-202.45760247949636
-201.6654412015823
-201.66544120158238
-201.6654412015822
-201.66544120158244
-201.66544120158235
-202.45760247949627
-201.66544120158235
-201.66544120158235
-201.6654412015822
-201.66544120158238
-201.66544120158247
-201.66544120158238
-201.6654412015824
-202.45760247949616
-202.315595176646
-201.6654412015824
-201.66544120158233
-201.66544120158227
-201.66544120158252
-201.66544120158227
-201.66544120158258
-201.66544120158255
-201.66544120158252
-201.6654412015823
-201.66544120158235
-201.66544120158233
-201.66544120158218
296.1784624414754
-201.66544120158247
-201.66544120158238
-201.66544120158247
-203.48644428522283
-201.66544120158235
-202.3155951766461
-201.6654412015823
-201.66544120158238
-201.6654412015823
-201.66544120158244
-201.66544120158244
-201.66544120158233
-204.71469077714465
-201.66544120158244
-201.66544120158218
-201.66544120158244
-201.66544120158233
-201.6654412015824
-201.6654412015825
-201.66544120158215
-201.66544120158235
-201.66544120158224
-201.6654412015823
-201.66544120158235
-201.66544120158238
-201.66544120158244
-201.66544120158247
-201.66544120158247
-201.66544120158235
-201.66544120158235
-201.66544120158238
-201.66544120158244
-201.66544120158227
-201.66544120158247
-201.6654412015825
-201.66544120158247
-201.66544120158244
-202.31559517664584
-201.66544120158238
-201.6654412015823
-202.83495563104432
-202.31559517664587
-201.66544120158247
-204.76389035603674
-201.66544120158244
-201.66544120158227
-203.4864442852233
-201.66544120158227
-201.6654412015825
-201.66544120158213
-201.66544120158247
-201.6654412015823
-202.83495563104387
-201.6654412015823
-201.66544120158224
-202.31559517664613
-201.66544120158235
-201.66544120158233
-201.66544120158238
-201.6654412015824
-201.66544120158244
-201.66544120158255
-201.66544120158247
-201.66544120158252
-201.66544120158238
-201.66544120158244
-201.66544120158238
-201.66544120158258
-201.66544120158215
-201.6654412015824
-202.8349556310442
-201.6654412015824
-201.66544120158238
-204.7638903560394
-201.66544120158235
-201.6654412015824
-201.66544120158238
-201.66544120158238
-201.6654412015823
-201.66544120158252
-201.66544120158238
-205.52246269194498
-201.66544120158227
-202.3155951766462
-201.6654412015825
-201.66544120158267
-201.66544120158238
-201.66544120158252
-204.76389035603808
-201.66544120158235
-201.66544120158238
-201.6654412015824
-202.4576024794966
-201.66544120158255
-201.66544120158247
-201.6654412015824
-201.66544120158235
-201.6654412015825
-201.6654412015824
-201.6654412015826
-201.6654412015825
-201.66544120158235
-201.66544120158275
-201.66544120158252
-201.66544120158255
-201.6654412015822
-201.6654412015824
-201.66544120158252
-201.66544120158252
-201.66544120158233
-201.6654412015824
-201.66544120158252
-201.66544120158247
-201.6654412015824
-201.66544120158264
-202.45760247949644
-201.66544120158252
-201.66544120158258
-201.66544120158252
-201.66544120158247
-201.66544120158264
-201.66544120158233
-201.66544120158235
-201.66544120158255
-201.66544120158258
-201.66544120158244
-201.6654412015824
-201.6654412015825
-204.76389035603881
-201.66544120158238
-201.6654412015827
-205.4543260534851
-201.66544120158233
-201.66544120158244
-201.66544120158227
-201.6654412015826
-201.66544120158233
-201.66544120158233
-201.6654412015826
-201.66544120158233
-201.6654412015824
-201.66544120158244
-201.66544120158233
-201.66544120158233
-201.6654412015824
-202.85666542419895
-201.66544120158238
-201.66544120158235
-201.66544120158244
-201.66544120158238
-201.66544120158247
-202.3155951766463
-201.6654412015822
-201.66544120158258
-202.83495563104472
-201.66544120158255
-201.66544120158267
-201.66544120158255
-201.66544120158238
-201.66544120158255
-203.48644428522366
-201.66544120158255
-201.66544120158247
-201.66544120158238
-201.66544120158258
-202.31559517664613
-202.83495563104478
-201.6654412015823
-201.66544120158255
-201.6654412015824
-201.6654412015822
-201.66544120158233
-201.66544120158244
-201.6654412015824
-201.6654412015824
-201.66544120158244
-201.66544120158244
-201.66544120158255
-201.66544120158235
-201.6654412015824
-201.66544120158247
-202.83495563104452
-201.6654412015825
-201.66544120158238
-201.66544120158218
-202.83495563104447
-201.6654412015824
-201.66544120158235
-203.25415279438693
-201.6654412015824
-204.7638903560367
-201.66544120158244
-201.6654412015825
-201.6654412015825
-201.66544120158244
-201.66544120158235
-201.6654412015824
-201.66544120158238
-201.66544120158233
-201.66544120158233
-201.6654412015824
-202.83495563104503
-201.66544120158238
-201.66544120158247
-201.6654412015826
-201.66544120158238
-201.6654412015824
-201.6654412015826
-201.66544120158252
-201.66544120158244
-201.66544120158258
-201.6654412015822
-204.76389035603836
-201.66544120158272
-201.66544120158264
-201.6654412015826
-201.66544120158252
-201.6654412015826
-201.66544120158233
-201.66544120158258
-201.6654412015826
-201.6654412015825
-201.66544120158252
-201.6654412015826
-202.31559517664658
-201.66544120158267
-203.71327105516218
-205.41613123724431
-201.6654412015827
-201.6654412015826
-202.83495563104515
-201.66544120158264
-203.2735443082442
-201.6654412015825
-201.66544120158238
-201.66544120158264
-201.66544120158258
-203.0180498130966
-201.66544120158247
-201.66544120158258
-201.66544120158247
-204.4979628848828
-201.66544120158244
-202.45760247949676
-201.6654412015825
-201.66544120158252
-201.66544120158275
-201.6654412015824
-201.66544120158244
-201.66544120158264
-201.66544120158255
-201.6654412015825
-201.6654412015823
-201.66544120158247
-201.6654412015825
-201.66544120158255
-203.48644428522442
-201.6654412015824
-201.66544120158235
-201.66544120158244
-201.66544120158244
-201.66544120158235
-201.66544120158252
-201.66544120158247
-201.66544120158235
-201.66544120158264
-201.66544120158235
-201.66544120158252
-201.6654412015827
-201.6654412015825
-201.6654412015824
-201.6654412015825
-201.66544120158244
-201.6654412015825
-201.66544120158244
-201.6654412015825
-201.66544120158255
-201.66544120158267
-201.66544120158255
-201.6654412015825
-201.6654412015825
-201.6654412015826
-201.66544120158264
-204.76389035604154
-201.66544120158255
-201.6654412015824
-201.66544120158247
-201.66544120158255
-201.66544120158247
-201.6654412015825
-201.66544120158275
-201.66544120158252
-201.66544120158252
-201.66544120158238
-202.4576024794968
-201.6654412015825
-201.66544120158264
-201.66544120158244
-201.66544120158244
-201.6654412015825
-201.66544120158247
-201.66544120158233
-201.66544120158233
-201.66544120158267
-201.6654412015825
-204.76389035603802
-201.66544120158247
-201.66544120158238
-202.31559517664618
-201.66544120158252
-201.66544120158233
-205.20809667518662
-201.6654412015824
-201.66544120158244
-201.66544120158235
-201.66544120158238
-201.6654412015822
-203.48644428522383
-201.66544120158207
-201.66544120158235
-201.66544120158213
-201.66544120158218
-201.6654412015826
-201.66544120158247
-202.31559517664672
-201.66544120158255
-201.66544120158238
-201.66544120158244
-201.66544120158235
-201.66544120158247
-201.6654412015824
-201.66544120158244
-201.6654412015826
-201.6654412015824
-202.83495563104486
-201.66544120158238
-201.66544120158258
-201.66544120158264
-201.66544120158264
-201.66544120158244
-201.66544120158252
-201.66544120158224
-201.66544120158227
-201.66544120158233
-201.66544120158255
-201.6654412015823
-201.66544120158244
-201.66544120158224
-201.6654412015823
-201.66544120158252
-201.66544120158264
-201.6654412015824
-201.66544120158238
-201.6654412015825
-201.66544120158247
-201.66544120158244
-202.8349556310448
-201.6654412015824
-201.66544120158244
-201.66544120158238
-204.76389035603904
-201.66544120158244
-201.66544120158238
-201.66544120158247
-201.66544120158233
-201.6654412015823
-201.6654412015824
-201.66544120158224
-201.66544120158238
-201.66544120158244
-203.48644428522434
-201.6654412015823
-203.48644428522468
-201.66544120158235
-201.6654412015825
-202.45760247949696
-201.66544120158213
-201.66544120158235
-201.66544120158252
-201.66544120158227
-201.66544120158247
-201.66544120158227
-201.66544120158244
-201.66544120158235
-201.66544120158235
-201.6654412015824
-201.6654412015824
-201.66544120158247
-201.6654412015825
-201.6654412015824
-201.66544120158238
-201.6654412015824
-201.66544120158252
-201.6654412015824
-202.45760247949738
-202.4576024794973
-201.66544120158258
-201.66544120158235
-201.66544120158235
-201.6654412015824
-201.66544120158238
-201.6654412015826
-201.6654412015824
-201.6654412015825
-201.66544120158238
-201.6654412015824
-201.66544120158238
-201.6654412015824
-201.66544120158272
-202.45760247949704
-201.66544120158227
-201.6654412015825
-201.6654412015825
-204.76389035603958
-201.66544120158255
-201.66544120158252
-201.6654412015826
-201.66544120158264
-201.66544120158264
-201.66544120158258
-201.6654412015825
-201.66544120158267
-201.66544120158255
-203.4864442852247
-201.6654412015825
-204.76389035603867
-201.66544120158235
-201.66544120158233
-206.56920305028746
-202.45760247949738
-201.6654412015823
-201.66544120158247
-203.48644428522516
-201.66544120158235
-201.6654412015824
-201.66544120158244
-201.66544120158233
-203.4864442852253
-201.66544120158244
-201.6654412015825
-202.45760247949718
-201.66544120158247
-201.66544120158238
-201.66544120158244
-201.66544120158252
-201.66544120158238
-201.6654412015826
-201.6654412015826
-201.66544120158258
-204.68416094947813
-201.66544120158235
-201.66544120158252
-201.66544120158238
-201.66544120158255
-201.66544120158264
-201.66544120158244
-201.66544120158272
-201.66544120158264
-201.6654412015825
-201.66544120158233
-201.66544120158264
-201.66544120158264
-201.66544120158244
-201.66544120158227
-203.48644428522567
-201.6654412015824
-201.66544120158247
-201.66544120158252
-201.66544120158235
-201.6654412015825
-201.6654412015822
-201.66544120158247
-201.66544120158218
-201.6654412015825
-201.6654412015826
-201.6654412015824
-201.6654412015823
-201.66544120158238
-201.6654412015825
-201.66544120158258
-201.66544120158233
-204.1374980347909
-201.66544120158252
-204.49796288488665
-201.66544120158247
-201.66544120158238
-201.66544120158255
-201.66544120158235
-201.66544120158235
-201.66544120158238
-201.66544120158244
-201.6654412015824
-201.66544120158235
-202.8349556310445
-201.66544120158238
-201.66544120158233
-201.66544120158255
-201.6654412015825
-201.6654412015824
-201.6654412015823
-201.6654412015825
-203.4864442852254
-201.66544120158227
-201.6654412015825
-203.48644428522556
-201.66544120158233
-204.7638903560388
-201.66544120158255
-204.7638903560405
-201.6654412015825
-201.66544120158247
-201.6654412015826
-201.6654412015825
-202.31559517664687
-201.66544120158244
-201.6654412015826
-201.66544120158233
-201.6654412015826
-201.66544120158252
-201.66544120158272
-201.66544120158247
-201.66544120158255
-202.45760247949778
-202.45760247949795
-201.66544120158264
-201.66544120158238
-201.66544120158252
-202.31559517664684
-201.66544120158264
-203.48644428522596
-204.76389035603813
-201.66544120158258
-203.48644428522533
-201.66544120158238
-201.66544120158287
-203.48644428522545
-201.66544120158258
-201.66544120158247
-201.6654412015826
-201.66544120158255
294.561420636362
-202.45760247949764
-201.66544120158264
-201.66544120158278
-201.66544120158264
-203.48644428522613
-201.6654412015826
-201.66544120158267
-201.6654412015824
-203.48644428522599
293.3851341353272
-202.4576024794978
-201.66544120158235
-201.66544120158255
-201.66544120158252
-201.6654412015826
-201.66544120158255
-202.315595176647
-201.66544120158255
-201.6654412015827
-201.66544120158244
-201.66544120158264
-201.6654412015825
-201.66544120158272
-201.6654412015826
-201.6654412015824
-201.66544120158255
-201.66544120158238
-201.66544120158272
-201.6654412015825
-201.6654412015824
-201.66544120158264
-201.66544120158255
-201.6654412015825
-201.66544120158278
-201.6654412015826
-201.66544120158252
-201.6654412015827
-201.6654412015826
-201.66544120158258
-201.66544120158258
-202.83495563104515
-201.66544120158258
-201.6654412015825
-201.66544120158275
-201.6654412015827
-201.66544120158267
-201.66544120158255
-201.66544120158272
-201.66544120158238
-201.66544120158267
-201.66544120158255
-201.66544120158255
-201.6654412015825
-201.66544120158267
-202.8349556310456
-201.6654412015826
-201.6654412015825
-201.6654412015825
-201.66544120158264
-201.66544120158247
-202.3155951766469
-201.66544120158264
-201.66544120158264
-201.6654412015826
-201.66544120158267
-201.6654412015827
-203.48644428522545
-201.66544120158238
-201.6654412015827
-201.6654412015826
-201.66544120158267
-201.66544120158255
-201.66544120158267
-201.66544120158267
-201.66544120158247
-201.6654412015827
-201.66544120158258
-201.66544120158264
-201.66544120158252
-201.6654412015825
-201.66544120158258
-201.66544120158247
-202.83495563104577
-202.457602479498
-201.6654412015825
-201.66544120158244
-201.66544120158255
-217.59041762633808
-202.45760247949795
-201.6654412015826
-201.66544120158252
-201.6654412015825
-201.6654412015827
-201.6654412015827
-202.31559517664692
-201.66544120158284
-201.6654412015827
-202.83495563104552
-201.6654412015826
-201.66544120158264
-201.66544120158252
-201.66544120158275
-201.6654412015827
-201.66544120158272
-201.66544120158258
-201.66544120158255
-201.6654412015824
-201.66544120158252
-201.6654412015826
-201.66544120158258
-201.66544120158258
-201.66544120158258
-201.6654412015825
-201.66544120158244
-201.6654412015826
-201.66544120158267
-201.66544120158267
-201.66544120158247
-201.66544120158255
-201.66544120158284
-201.66544120158264
-201.66544120158264
-201.6654412015825
-201.66544120158284
-201.66544120158264
-201.66544120158255
-201.66544120158258
-201.66544120158258
-201.6654412015827
-201.66544120158255
-201.66544120158255
-201.66544120158258
-205.20809667519003
-201.66544120158255
-202.45760247949778
-201.66544120158252
-201.66544120158267
-201.66544120158255
-201.6654412015826
-201.66544120158255
-201.6654412015825
-201.66544120158252
-201.6654412015827
-201.66544120158247
-201.66544120158264
295.1866632494036
-201.66544120158258
-201.6654412015827
-201.66544120158258
-201.66544120158267
-201.6654412015825
-201.66544120158235
-201.6654412015828
-201.66544120158272
-201.66544120158247
-201.66544120158264
-201.66544120158255
-201.66544120158264
-201.66544120158255
-201.66544120158267
-201.66544120158238
-201.66544120158275
-201.66544120158258
-202.8349556310455
-201.6654412015825
-201.66544120158267
-203.27354430824573
-201.66544120158247
-201.66544120158247
-201.6654412015826
-201.6654412015825
-201.66544120158264
-201.66544120158267
-201.66544120158252
-201.6654412015826
-201.66544120158264
-204.76389035604254
-204.76389035604333
-202.31559517664695
-201.66544120158272
-201.6654412015825
-202.834955631045
-201.66544120158247
-201.66544120158264
-201.66544120158264
-201.6654412015825
-201.66544120158275
-201.66544120158267
-201.66544120158247
-201.66544120158275
-201.66544120158275
-210.08946554262204
-208.65118147697927
-208.65118147697683
-208.65118147697737
-210.01241377772115
-208.65118147697774
-209.3910772003301
-208.6511814769779
-209.3910772003357
-201.07497037281325
-203.116696530426
-203.11669653042537
-201.07497037281328
-201.07497037281323
-201.07497037281343
-201.07497037281368
-201.07497037281325
-201.0749703728135
-201.07497037281337
-202.1581381556792
-203.11669653042665
-209.6101651634046
-209.39107720033678
-208.6511814769774
-211.83642200265183
-208.6511814769789
-208.6511814769795
-208.6511814769785
-208.65118147698274
-208.65118147697993
-205.6961588659162
-209.61262257758904
-208.65118147698013
-209.92662920203853
-209.7505323489669
-208.65118147698084
-210.45699082817472
-208.6511814769806
-208.65118147697905
-208.6511814769822
-210.27974292042308
-208.65118147698172
-208.65118147697845
-208.65118147698058
-208.65118147697967
-208.6511814769793
-208.65118147698098
-209.22037064455023
-210.07553166701402
-209.39107720033755
-206.97827985853357
-211.83642200265194
-211.83642200264637
-209.3910772003381
-209.39107720033854
-209.01796900016703
-208.6511814769823
-205.31822230213763
-208.65118147698146
-208.65118147698092
-210.07553166700848
-208.65118147698016
-208.6511814769815
-208.65118147698036
-208.65118147698158
-208.65118147698274
-209.92662920204444
-202.98392710152558
-208.6511814769833
-210.91838298184
-210.9183829818352
-209.8015950938433
-208.65118147698288
-208.6511814769843
-208.6511814769841
295.1902672359957
-209.6126225775937
-208.65118147698104
-209.39557668277857
-210.27863642325576
293.8016629316286
-205.26116840690364
-206.3829836493701
293.98577683599444
293.6637059532981
293.98577683599245
293.4391315142749
293.9857768359927
-201.66544120158264
-206.7090224628049
292.6400325331837
-206.70902246280963
-207.00906820653975
-207.00906820654004
-207.00906820653444
-201.66544120158264
-207.00906820654188
291.67576648649964
-205.81654737931785
-207.3623050433104
-207.36230504331783
-207.3623050433058
-207.36230504330456
294.3494931235663
-207.83787964898409
-201.07497037281325
-206.87073226554014
293.34515443828883
-206.55624693462485
293.345154438292
293.4997091683622
-205.69633838544263
-201.07497037281328
-207.63433502355682
-206.99035953088708
-206.99035953088833
-206.99035953088998
-206.9431701954772
-205.16848133271236
-206.48168754116998
-206.481687541167
293.06029700752106
-205.3182223021391
-206.5385229088301
-206.6295854108603
-206.32676039843594
-206.62958541086124
-207.13982682244304
-208.2395913204157
-206.9782798585365
-205.6961588659188
292.4324367025486
292.43243670255043
292.43243670255066
292.4324367025508
-206.00078622301163
292.432436702547
292.4324367025447
292.4324367025439
-205.88663774761926
288.16098166124317
292.1187174369436
292.1187174369452
289.7043154199896
-208.2570018696318
292.17117349912166
293.4376195705904
-212.0970118561959
-205.11722902147866
293.445263147002
293.4376195705898
293.4376195705927
292.55156049738173
294.44109305197446
294.26204948109114
294.78091396434866
294.780913964349
294.9263446997276
-205.27473473942166
294.2620494810923
-205.2747347394237
-206.24431079289795
294.26204948109023
-222.7548865440337
294.2620494810918
295.0477561894302
295.04775618943194
295.0477561894306
-206.20153580156645
293.27013230042195
293.47471139710996
293.6758910899746
292.4908532579035
293.7164608571809
293.7164608571815
293.7164608571809
293.99435222853197
293.7164608571844
293.45873294300463
295.04775618943216
282.93792037408673
293.6758910899767
-228.23089514888295
292.1855911842688
293.71646085718135
293.716460857182
-206.95713726447673
-206.51646280893527
-205.8710553674129
-206.51646280893692
293.71646085718174
293.71646085718385
-202.31559517664763
-206.51646280892996
-206.7414886306708
294.5806000809471
-207.89132198882473
-206.5164628089354
295.3095721003982
293.7164608571823
245.12827365054162
293.7164608571822
294.0358595468209
-206.6928179209428
-203.71327105516932
-207.39444501589062
294.58060008094685
293.8641050962319
-201.07497037281283
-205.69334779742778
-206.51646280893726
292.77474045914875
-206.9037468662474
-204.11598977977536
294.5806000809435
293.7164608571815
293.8641050962297
-205.93706173053752
294.58060008094776
-208.40681137100358
295.22960969187614
-208.2431867849404
294.6666570161466
294.52058231556686
-206.42276672462935
-208.10701398722313
-206.51646280893596
294.6245126703905
292.81727445529793
-208.2479352296677
292.07880294762526
293.4747113971032
293.7164608571806
-206.63025769301913
-206.5164628089362
293.6045967384514
293.7164608571818
-206.67459997870318
295.2296096918753
293.71646085718254
293.7164608571805
-208.6541614941176
-206.30820040769956
-206.59386497699887
294.52058231556424
-206.56600603678285
-207.36866675091068
294.52058231556407
293.34515443828326
-207.07458348471806
294.0720492265552
293.71646085717725
293.67589108997214
293.7164608571767
295.1703429122687
293.716460857181
293.71646085717913
293.71646085717936
293.67640236175356
293.3451544382798
293.7164608571792
293.71646085718
293.71646085717873
-206.0645094629003
294.58060008094554
293.84453405858204
-215.9193532783272
293.34515443828667
293.71646085718334
293.7164608571791
293.7164608571829
293.09046291441285
293.71646085718055
-238.11215821682063
295.19859850234326
293.34515443828343
293.71646085717964
293.71646085717987
293.7164608571757
293.67589108997566
293.84453405858176
293.67589108997026
293.45873294299696
293.71646085717754
293.716460857181
-209.88850339466177
295.30308834133575
293.71646085718044
293.71646085717913
293.9216393131207
293.0904629144134
-207.14178918301272
295.27266293326477
293.34515443828906
293.92163931312615
293.9216393131185
295.30308834133604
-206.97835009916827
295.30308834133683
293.80166293163006
-201.66544120158272
294.6586326148347
293.98577683599154
293.9857768359896
293.7703453374259
293.9216393131244
293.79917779307516
293.9857768359952
293.98577683599007
-208.7269787610134
294.0385335924077
-202.4576024794988
295.3030883413353
-210.95346127874276
295.3030883413361
293.98577683598967
293.4056104278109
-229.01781005833777
294.58060008094634
-205.69392491267573
295.3030883413354
-204.76389035604456
295.30308834133626
-201.66544120158264
295.3030883413374
293.9857768359911
293.98577683599046
293.9857768359917
293.3451544382811
293.9857768359917
-201.66544120158272
295.3030883413361
293.98577683598836
293.79917779307414
-201.6654412015826
293.34515443828315
293.98577683598967
-202.45760247949877
295.30308834133604
293.02562625969796
293.9857768359868
293.98577683599365
293.80166293162324
-206.87020248256724
295.30308834133666
293.9857768359856
293.98577683598967
295.1053340707945
293.98577683598756
293.9216393131193
293.92163931312575
-206.66738449697064
-206.05477271013993
-208.68293559899527
295.30308834133666
293.8016629316238
-207.77608958598645
295.3030883413359
293.9216393131264
293.8754287133657
293.92163931312297
294.9502802799511
295.8625565689596
293.68534377866115
281.5651256949305
293.921639313121
293.92163931312115
-206.67459997870867
295.303088341337
-208.26967328357648
295.3030883413366
293.9216393131196
293.6758910899702
-208.72468915793144
-208.1097976377653
295.0231213888358
293.7164608571812
-226.70093948268524
295.11437084781943
293.7164608571804
-241.78853583868985
-206.65687000805244
-208.10979763777377
-209.2220130919551
295.19859850234485
293.7164608571765
-207.0070601276517
-209.22201309196114
-223.01733257242202
-209.02317933127128
-233.81852323520388
294.0856942595472
-206.8792662670954
-209.2220130919499
-204.1159897797768
-209.22201309195322
-206.42182069155774
-209.2220130919472
-211.0420162504094
-208.340662017475
-209.90485946803676
295.1985985023439
-207.71156533858328
-206.94551077384367
295.19859850234405
293.71646085717737
293.7164608571796
293.71646085717634
-267.5848545581959
295.19859850234286
293.71646085717714
293.7164608571774
-206.90374686624705
-206.51646280895025
295.1985985023442
-259.7552506145852
295.1985985023423
293.09046291441354
295.0477561894261
-224.42782982962638
-209.22201309196092
295.1985985023435
293.47471139709944
292.8172744552951
293.7164608571782
294.1735096950083
293.0904629144178
-207.07458348471957
295.1985985023423
-208.306222643149
295.19859850234246
293.844534058579
-207.0403769915095
295.1985985023429
293.71646085717776
293.716460857179
292.0099326643441
295.1985985023436
-208.78957542128364
295.1985985023429
-207.87823029406388
294.7505796599784
293.7164608571776
294.56201858816473
293.34515443827763
295.83429710290045
295.30308834133274
295.8342971029009
295.83429710290085
295.8342971029014
295.83429710290125
295.8342971029009
-205.62796557930238
295.3030883413318
-205.25125744860048
294.6586326148353
-205.80734249254965
294.92986923866306
295.8342971029005
295.83429710290085
-203.8477688018829
295.8342971029011
295.4420784713507
295.56576190792396
293.86428890580515
295.83429710290073
295.83429710290045
295.8342971029001
295.8342971029008
295.83429710290056
295.8342971029005
295.8342971029004
295.8342971029011
295.83429710290005
295.8342971028996
-205.80734249255315
-205.81783419914174
295.3030883413342
295.83429710290034
-207.87121707154435
295.09872704728025
295.8342971029012
-207.27393295744182
-205.74942192800913
295.09872704728156
-205.80734249254837
295.81437581422875
295.490281020828
295.86255656895867
295.83429710290164
295.86255656895923
295.862556568959
-206.44026816063086
-206.44026816063084
-206.44026816063126
-202.45760247949923
-207.61623606732323
-206.44026816063308
-206.44026816062382
-206.44026816062555
-202.45760247949914
295.09872704727934
-207.25732009677168
-205.74942192800788
295.09872704728065
295.87995814484583
-208.97941382757702
295.09872704727974
-208.07089192091385
-206.44026816062575
-205.53604766043514
-202.45760247949943
295.3030883413328
-208.07089192091064
-209.19785395256375
295.0987270472789
293.98577683598955
-208.07089192091667
295.0987270472793
-208.07089192091098
295.09872704727906
295.89484213702286
294.00024002694823
-208.07089192091001
295.0987270472764
-208.07089192091388
295.2493001071358
-208.07089192091377
-205.5951086518021
295.0987270472797
-207.26371415871074
295.0987270472797
295.34891205986855
-208.07089192091473
-208.34728869989783
295.303088341331
-208.07089192090362
295.09872704727894
294.98747021670704
-207.98553808824033
-231.77241983800855
295.0987270472783
-206.43427678638335
295.09872704727815
-201.66544120158295
295.09872704727775
-208.07089192090694
295.09872704727877
-208.97941382758071
295.09872704727775
-208.0708919209125
295.0987270472798
-207.26371415870602
294.5806000809344
-208.07089192090706
295.8749214981607
294.220541259704
-208.0708919209167
-206.4552329671756
295.09872704727786
295.1354519547964
295.0987270472794
-208.0708919209094
-205.27492217522592
295.8749214981617
294.0002400269507
-205.52653753355386
295.09872704727667
-208.07089192091445
-206.440268160632
-205.68455547700384
-202.45760247949931
295.8405167334612
-204.7146907771504
-208.64039585241457
-206.44026816063118
-206.44026816063104
295.9034748318282
-208.0708919209132
295.0987270472782
295.09872704728025
295.5977896233211
-206.440268160632
-205.5265375335551
295.09872704727763
295.87995814484515
-205.2737190888564
-206.54432749322484
295.0987270472779
-207.26371415870244
-206.4342767863833
-201.6654412015827
-207.24705960306122
-206.960246045008
294.0002400269481
295.09872704727843
