-202.78386070082877
-210.713331248682
-211.05779403139354
-208.40426274685964
-213.0606142945724
295.8972279122721
294.6666136180341
-202.45760247949534
-201.66544120158255
-201.96220430623765
-207.1686850721525
-206.31252541755194
-208.91708865957125
-206.1009518593804
-205.24596574949723
-205.5243070930381
-202.85666542419798
-208.94120998866393
295.1687076151572
-209.45252952155911
-209.14133329870245
-201.07497037281254
-201.0749703728122
-212.4215625532832
-204.28513310178062
-201.66544120158247
295.81993202535944
-204.81333675058337
-202.3155951766456
-201.66544120158238
-201.66544120158255
-209.70028576380105
-202.98392710151933
-201.66544120158233
-210.74402223611406
-206.25302808521252
-209.65766145412877
-201.66544120158238
-204.2851331017789
-201.66544120158227
-201.66544120158224
-209.5087474943296
-212.83996486136655
-201.6654412015824
-203.48644428522033
-211.63913108139548
-201.66544120158238
-201.96220430623728
-202.31559517664567
295.21229028912796
-210.04709836890828
-216.98390620662948
292.3511397866843
-203.48020779764542
291.2523660286206
-203.48644428522098
-201.66544120158258
-201.66544120158233
-201.66544120158233
-201.66544120158235
-201.66544120158227
-226.74769664077613
295.9034748318392
295.1996069079675
-202.45760247949576
-203.48644428522104
-203.27935916726523
-201.66544120158224
-201.66544120158244
-203.48644428522113
294.5352507509243
-203.01804981309513
-202.4576024794957
-204.76389035603734
-201.66544120158252
296.15442398391053
-201.6654412015824
-203.48644428522104
-208.08708363679727
-204.45715247486763
-201.66544120158255
-201.66544120158252
295.1908959020539
-204.49796288487795
-203.01804981309536
-201.66544120158247
-201.6654412015825
-202.45760247949556
-201.66544120158235
-201.66544120158238
-203.27354430824184
-201.6654412015826
-211.04144727541455
-202.4576024794965
-201.66544120158258
-206.51766501646873
293.3043559190034
-201.66544120158247
-202.4576024794957
-205.45432605348793
-202.31559517664584
-203.01804981309508
-206.2124770707421
-201.6654412015825
-201.6654412015823
293.19892879105987
-204.19509085341213
-201.6654412015823
-201.6654412015823
-201.6654412015824
-201.6654412015822
-201.66544120158258
-201.66544120158238
-204.13749803478183
-201.66544120158235
-202.31559517664573
-201.66544120158227
-203.48644428522155
-201.66544120158235
-201.6654412015823
-201.66544120158227
-204.7638903560376
-201.66544120158235
-202.8349556310442
-201.66544120158252
-201.66544120158238
-222.26200613594474
-201.07497037281195
-206.96504586290484
-203.62505578810544
-201.0749703728122
-201.0749703728123
-202.15813815567694
-203.6250557881051
-201.07497037281212
-207.230187571656
-209.1803287406605
-207.52123904321823
-208.81038015383032
294.9500468430819
-208.6511814769375
-210.08215903247762
-208.65118147693562
-209.01796900012855
-210.01108267582126
-208.65118147693892
-208.1940794951537
-209.9904944907313
-210.08215903247597
-202.8566654241984
-208.5022931623637
-211.83642200264444
-203.75981616652203
-209.23055758095543
-211.8364220026401
-207.79459869015395
-208.42537684639296
-203.75981616652118
-207.96222967436853
-210.9183829818292
-207.52951427632473
-209.6775190724641
-206.579194981124
286.51585500125327
292.43243670260233
-216.58014581592505
296.04640563359067
-205.38257810417312
292.4324367026015
-208.43231558429403
292.43243670260426
292.01769603627844
-211.83642200264507
-210.07553166698702
-210.918382981826
-211.83642200264205
291.4395133292152
-205.31822230210847
-211.83642200264833
285.31570413654794
-203.27267387350378
-201.66544120158227
295.06727092982993
-205.22708160369828
-207.45979096983606
-204.77625357961233
292.43243670260284
-215.1929798085414
-209.53711436579175
290.9878232839379
287.80652439636805
284.35222596026733
-214.8329262608672
290.99146801411547
-207.17855027864294
290.99146801412337
290.99146801411433
290.9914680141189
289.4820089143709
-210.91525592793022
-217.42967604081295
-208.65118147693497
-209.32912709689867
-208.6511814769356
-210.91838298182708
-208.65118147693897
-207.5295142763268
-214.96068415886697
290.98782328393673
295.60707247084036
292.11871743699817
285.61203910869295
-205.81796891429684
-208.15793806181196
292.43243670260154
-204.7762535796151
296.1553318569061
292.4324367026032
292.4324367026006
292.43243670259915
292.4324367026015
292.43243670260136
-212.35992677701475
-207.89974536309373
-208.27962548648657
-203.27766907845773
-207.52951427632968
-211.4290640578003
290.7372855136468
289.53045744862436
292.1727285822919
-208.4611001171801
-208.3139010943722
-208.46110011718125
290.9914680141171
-207.8997453630906
-208.4611001171756
-208.46110011717735
-207.93045769179972
289.5134246711161
290.1321747674982
-208.46110011717772
-207.89974536309117
295.73944656941836
-207.89974536309276
-212.35992677701
-207.89974536309168
-207.8997453630925
-207.89974536308887
-207.89974536309387
-210.34137125970975
-219.18535232416363
-210.31890959998844
292.8904508108488
-208.55668714440824
-208.1579380618154
-208.1579380618104
-208.15793806181276
-209.1381398722778
-208.15793806181077
-206.85764408943663
293.4387859231737
292.38818588372715
-206.80368169164035
294.2620921558399
293.4387859231717
-206.80368169164643
-206.80368169164402
293.4387859231728
291.3799632035211
-213.47678994032802
293.43878592317077
-206.4227792732147
293.43761957062605
293.4387859231716
-265.7510114448172
293.4387859231711
296.1201154912642
293.43878592317316
293.43878592316753
-204.77625357961531
293.4387859231681
291.37996320351687
-206.80368169164535
293.43878592317157
293.55940599778893
293.4387859231719
293.43878592317236
293.4387859231735
292.0176960362677
-206.4227792732165
-208.93489052134393
-207.38420518953146
-204.77625357961753
293.4387859231714
292.4324367025971
-204.77625357961566
293.438785923173
293.3467677125185
293.4387859231685
-210.50866852270096
282.56738352188313
296.1455483270286
-207.81432364617328
294.2620921558392
-208.48567191999535
-208.15793806181884
292.3015673012007
-208.15793806181273
-213.38374657399666
-211.23408361558177
-208.15793806181435
-208.99351441900524
295.1902672360147
-208.15793806181438
293.4387859231718
296.12011549126396
292.43243670259625
293.4387859231675
-212.25987552887887
293.4387859231713
293.2147586318158
289.45160589717415
293.44526314703626
293.4387859231724
292.2101077241885
293.4387859231733
293.36322363039693
292.88127279093953
-210.82792667542694
293.4387859231709
293.4387859231688
-206.73766921659987
291.3799632035226
293.438785923168
293.44526314703774
292.8904508108444
289.10850753713885
-207.16686660398068
293.4387859231709
293.43878592316975
293.4387859231718
-207.13982682238407
293.4452631470378
292.1727285822837
-207.66781672945066
-208.783835074041
293.43878592316827
-206.5062022886424
293.3467677125142
293.4387859231711
-205.20238576703613
-205.9400744728985
-206.8036816916476
-206.8036816916469
-212.189392565677
293.438785923169
-204.65744616064984
293.4387859231708
-204.63515221347015
293.4387859231688
-211.1464497775594
293.55940599778944
-205.93763988256694
-212.32467588088008
292.8979413354406
-204.7762535796163
-207.38420518953683
292.4324367025926
293.4387859231692
-205.88663774758362
-206.80368169164973
293.4387859231691
292.4324367025906
292.432436702593
292.4324367025951
291.538658498694
292.18153726959105
292.4324367025952
293.559405997787
289.9433468412739
292.43243670259193
292.19528702124336
-209.66401635623512
292.43243670259136
292.4324367025945
-208.15793806181745
-208.93489052135178
292.432436702593
-209.53711436580085
-210.2404505655203
-206.497567183009
-210.987911110539
-207.15050751455252
-210.3189096000005
293.0271228289033
-208.15793806181483
293.3640723958233
293.4387859231681
293.9808568151985
-208.03725394728508
-217.6327821313895
-205.68535137895228
294.9670100765212
-208.3989190743328
293.4195209264718
290.779472654303
293.4387859231671
293.4387859231677
-206.3267603984031
-211.40956264337274
291.84597086137825
-208.87434596531105
293.4387859231663
-206.32676039839978
-206.32676039839765
294.16024074558186
-206.32676039840032
-208.3773049154073
290.779472654306
291.53865849868396
-208.90904942756853
-209.58929556056535
-208.90904942756097
293.05339785149306
-209.58929556056134
-205.8531823123918
-209.58929556056574
-209.39851103872942
-208.24230774050966
-264.994625546701
294.08393792088316
-209.31772310774076
-209.31772310774076
-209.32604712386942
-211.55210946277256
293.480336404987
293.9810174880636
-209.31772310774468
-208.37730491540242
-208.37730491540574
294.6422600023536
-208.37730491540327
-208.3773049154035
-209.30374267604526
-209.3037426760468
-201.07497037281257
295.84051673346994
293.4392336965859
293.9810174880644
-209.4979214945552
292.1187174369886
-210.33809449644883
294.9670100765188
292.6029695122015
-207.09269283279843
-202.1581381556768
293.7982000780983
293.994352228558
291.9522606036531
-206.3267603984024
294.56822090602736
-205.85318231239293
294.95004684307446
294.9500468430764
293.06962206532864
-207.30368556827736
-209.5892955605654
-208.24230774051358
294.5682209060304
-205.69615886588846
-208.24230774051628
293.1163752290417
-208.3773049154072
-208.37730491540708
-207.48875949462914
295.9203511618375
-208.3773049154075
-208.28001960996173
-209.49792149456073
-209.4979214945576
-210.150098716288
-213.4293645442034
-210.0827621483789
-215.87623795378195
295.493754495431
-209.49792149455862
-208.49263453541494
295.2256749467273
-208.49316990075414
-202.45760247949667
-211.03031092667348
-211.22845383683867
295.577855246443
-208.28001960996232
295.29158123761124
-210.08276214838625
-211.22845383683324
-210.29671100698076
-210.78372555095157
-207.5468879783424
272.03932913616234
296.1455483270274
294.9670100765191
294.61886072519013
294.2620921558296
-209.76619783193928
-206.32676039840692
-209.30374267604697
294.6099099700374
-210.4770406539569
-209.22846371771956
-209.3037426760529
-210.34782665208633
-208.3549953008023
295.89042052357894
293.48033640498306
295.19026723601013
293.7876626971181
-208.39214823021254
-208.3773049154044
-210.34782665208655
294.6032630177383
294.53240343623315
-208.37730491541421
-208.3773049154107
-208.37730491541
-210.34782665208866
-211.59955334578754
-209.71579131757804
-209.3037426760558
295.89042052357894
-209.3037426760493
-208.43452404988912
294.6422600023559
-207.0926928327993
295.8449599452264
-209.30374267604967
-209.2731699807264
-208.3773049154082
-210.31155833413138
295.85848681420623
-209.5752574599723
-211.1342951801713
294.6422600023507
-209.3037426760499
-212.3892796848592
-204.39292752916398
295.99934376801656
294.9670100765177
-209.30374267604458
-213.00569334457208
-206.4416937081515
295.6070724708355
295.3025043226299
-207.15816775779282
295.6070724708351
295.38645243959365
295.6070724708349
295.8904205235788
295.1902672360098
277.04202246594247
295.60707247083525
295.3086670235557
295.6063462602401
295.6070724708356
295.42494861421187
294.0238738089668
295.4803033465226
-214.70019222804308
-204.39292752916325
295.30866702355644
295.60707247083604
293.07636536423297
295.6070724708354
294.8327751640941
295.6070724708347
295.6070724708362
294.96701007651615
295.60707247083525
295.6070724708349
295.60707247083536
-205.5443332117383
295.6070724708351
295.77545862180887
295.60707247083445
295.6070724708351
295.30801506544503
295.6070724708348
295.3577468763167
295.6070724708346
295.6070724708343
294.83277516409305
295.6070724708358
295.308015065444
295.6070724708354
295.6070724708343
295.607072470834
-217.28665321315972
295.6070724708347
295.6070724708338
-206.7340010234017
293.07636536422825
294.9500468430738
294.9500468430712
294.950046843072
295.60707247083593
295.6070724708355
295.6070724708356
295.2324556862782
295.6070724708347
295.60707247083434
295.6070724708359
295.60707247083553
294.96701007651694
295.4803033465225
294.0238738089632
295.6070724708349
295.77545862180995
295.6070724708355
295.60707247083565
295.6070724708351
295.3080150654443
295.1985985023576
-205.98250037598723
295.7754586218081
295.77545862180943
295.7754586218086
295.7754586218092
293.1061673913006
295.7754586218094
295.77545862180875
-215.18490671505157
295.1985985023598
-225.23437627882612
-219.6686123183669
-214.3378762511859
-208.74623214860853
295.92035116183615
294.65863261484844
-237.92433723999005
295.78103481540734
-229.25937761852458
295.59371128794083
295.8974225736284
247.45984131608407
279.74608897357814
-215.35332249702032
-221.21279220667907
-258.89507395644614
-219.6864534416336
293.4376195706153
294.2620494811108
294.22353274696064
294.95004684307236
-208.88624928683484
294.9500468430724
294.9500468430705
294.6422600023547
294.9500468430725
-220.36091095214348
293.0134365634751
294.9500468430716
294.95004684307236
295.0672709298154
294.95004684307236
294.9500468430725
294.9500468430745
294.9732871661612
295.06727092981527
294.95004684307077
294.9500468430714
-218.20138439609795
294.9500468430714
-208.42216464093255
294.9500468430702
293.3033030408017
-212.3049131607007
294.65474893540704
294.74281992480064
295.3086670235532
295.30866702355394
294.4875203613553
294.7428199247961
-211.5995533457915
294.74281992479905
-205.96710526160572
-211.5521094627928
-211.59955334579342
294.74281992479786
293.98101748805914
-211.62903257631328
-211.7910970585423
296.10297388477454
276.65657174682315
-222.3772176144504
-212.45911735744525
295.067270929815
-212.45911735745264
-211.81141474540698
-210.4981824429685
-202.98392710152297
294.9500468430711
-207.84413584171756
294.95004684307014
294.9670100765148
294.95004684307025
294.62307480140385
295.5778552464402
-206.21164885204405
272.5719672811312
279.77373923652715
-216.14417012527224
294.0635994895132
293.2320111010214
-215.7043371437087
-211.59955334579647
282.06206101423476
-216.71451757542297
-214.2142890496665
295.8904205235777
293.9810174880563
-216.09607514402904
295.190267236006
293.9810174880578
-215.59023198350812
-215.9875232822205
295.8449599452246
280.13341803930217
-216.14417012528384
-213.9899989908712
283.1396327676125
-212.67016376760583
-219.04803915500585
293.81096963312183
-216.90914717632683
293.81096963311785
-214.94969006671468
-216.14417012527437
-215.0399726842937
295.89742257362803
295.3864524395896
-216.14417012527244
280.9322776028952
-214.3821430624739
281.2437750422851
-214.3167099657402
295.076066017246
-214.92805415947015
-215.17040632423408
295.89042052357786
293.41952092645914
294.2602440774147
294.2602440774166
280.60971656135706
294.2602440774168
-216.2295150579679
-231.97398163950655
294.9500468430691
294.95004684306764
294.95004684306826
293.8884325366912
294.9500468430696
294.9732871661586
294.9500468430697
294.42447121130147
294.2602440774153
294.95004684306974
294.4244712112998
294.3826787841247
294.4244712112975
294.95004684307037
-216.6411592926047
294.95004684306974
-206.0474639948447
294.9500468430686
294.9500468430702
294.2620921558191
294.26209215582156
293.61841900950986
294.2620921558213
276.3464056855241
-218.88651641239449
294.66922827590525
-216.38909730517844
-215.5985150267173
295.77545862180665
293.0168405647393
288.8032232550782
288.80594729342374
279.43882680270417
-215.83802469649743
-215.7101516250286
-213.4434665939243
295.8449599452237
284.8430670257361
-223.0316086316426
286.6576131182536
-214.31670996575068
-217.16944630632818
286.8192025811407
-206.7340010234042
-208.88804633547838
-205.67773775521545
276.6197356597796
295.7754586218052
-217.8264695768751
-214.9496900667152
271.3230566939649
294.37862484616653
283.45947276097456
294.2939608586541
-227.53160731141236
293.8109696331182
282.1123618498463
-216.31149205407544
-210.04250381833478
293.59632923230464
294.42447121129675
294.2620921558179
283.5263139949238
294.03585954683354
294.2620921558182
-218.07771846936902
281.67247243505227
293.61841900950446
294.26209215581775
279.773739236499
295.3086670235497
295.3864524395874
279.77373923648855
-213.69440477576148
-216.75803135814172
294.29396085865426
-223.0316086316369
293.93970607487665
293.7341899656532
-223.03160863166542
279.7737392364896
285.45826857294554
294.2620921558185
252.47657046404646
-214.53600454241243
284.0144844745598
-237.71047156558666
259.45960246076356
-213.73522307462497
277.50002810903135
266.06937434597535
295.8449599452233
295.8584868142027
-216.63420097179744
-210.62451908747778
279.3148399149129
-207.40583686724537
-205.5766653905296
281.77702943270236
284.6965189984549
271.39749599854093
283.8639237996968
-227.71244332661135
-229.71868398256092
285.5259390112325
295.775458621805
295.4803033465164
294.65474893540187
-201.6654412015827
264.35964719775137
295.3864524395862
-205.57666539052585
295.84051673346676
285.9411687792251
279.8058752072297
285.570525796887
-214.6294903383268
-222.73182126014416
284.91134869023045
280.6155823415957
-219.2043673318308
-225.79410648989065
-214.8508212426174
285.4762054219335
-212.6062708373214
277.6831782547912
280.7292854527361
294.5620487094902
277.99763424685125
284.3047141288008
282.80351772464
-226.35734083408514
-223.24725084710516
293.48033640497084
274.67989311585245
-212.5661245637391
-233.17957573621035
-221.91088521490224
285.05304494922433
276.3174691532463
-206.59907940554862
293.9810174880518
279.2287828343489
292.1187174369602
284.6430901511968
295.4803033465161
282.9359493470761
-225.41126716062132
294.562048709492
284.3197909766921
-208.30662224872222
-215.15073701069883
246.05005864261037
-224.89408788769111
282.8292992570282
-213.51901197046578
-215.01119154234812
275.3298730535204
283.3478921155502
285.15383325442554
-217.71817345357718
287.46538534794234
293.9810174880518
285.91253788844904
277.4160444495803
284.9121449168161
294.63030469324383
287.1609976523252
294.44109305198106
277.83859754754064
294.4875203613486
294.9716880517631
251.5317581039052
285.0952611733832
286.82402385188396
295.30866702354905
293.03069884456704
294.7428199247874
278.44913710947486
-224.0670078492008
287.13439494401405
-208.27051295617755
287.0538037594459
284.5630713792599
282.6653043709382
254.20155498874823
258.8270698195465
-223.03922924635515
272.9557771048811
295.308667023549
285.33830344944545
-236.6375877271975
287.05002563779317
293.4376195706015
281.69447760089287
281.3500610348308
281.2506133247697
-217.883419546073
275.3575695340506
285.5705257968847
-203.8489833523165
279.5862966453286
294.7428199247879
293.98101748805266
293.98101748805135
294.7428199247862
294.742819924786
282.69657630391396
294.7428199247878
285.9582646535049
294.742819924787
294.59375123107964
294.7428199247864
-214.23803683689545
278.0353365109298
-205.68890758269265
280.89646506839756
294.7428199247864
294.74281992478575
294.7428199247862
294.74281992478626
295.3086670235479
286.6527109980222
293.32584384457135
294.74281992478546
-212.81046004745383
294.74281992478706
294.74281992478603
294.74281992478603
294.7428199247839
295.60707247083076
287.54018181412175
293.98101748804976
-209.22242923397323
294.7428199247856
287.5503141851598
295.6063462602352
292.8553302238707
295.607072470831
295.3086670235475
270.3688437438422
295.60707247083104
279.0870432543116
-202.15813815567765
-217.63518075165553
282.787462219385
294.6558275406585
-216.1199250869077
295.7898143713842
282.6581740757433
293.0450755421032
294.74281992478467
285.11300592293907
267.0941544406465
294.7428199247849
295.067270929804
284.47855763407716
295.29158123760504
295.6070724708307
294.9670100765075
295.60707247083013
295.6070724708303
295.60707247082996
-202.7838436586687
295.6070724708295
294.6547489353953
295.60707247082973
295.59371128793583
295.60707247083127
295.60707247083064
294.967010076504
294.6282113666674
281.1549708764334
295.60707247083025
295.60707247083025
294.6547489353997
295.308667023547
295.3086670235467
-218.2139072469641
294.9670100765072
294.59375123107645
295.6070724708304
295.6070724708305
286.02051181410775
295.6070724708302
295.38645243958337
295.6070724708303
294.9670100765065
295.6070724708301
295.60707247083053
295.60707247083076
295.38645243958337
295.3244674617244
285.2278929227184
295.6070724708292
287.12018822773
285.3766592105166
280.59965905922274
295.6070724708307
284.43983052389297
295.60707247082973
292.7714722795913
295.6070724708303
295.60707247083025
295.6070724708305
284.3072101508558
285.8680197188053
295.4937544954208
295.89742257362684
-208.64648830575973
295.29158123760465
295.48030334651367
294.64226000234333
295.77545862180193
285.4212105459153
295.6070724708285
295.60707247083
293.79460312765303
294.2620494810949
295.60707247082996
295.6070724708291
295.60707247082917
286.19060401494903
295.60707247082956
295.6070724708295
295.6070724708299
294.95128625090086
269.63544310305866
295.6070724708298
295.6070724708291
295.6070724708294
-204.3929275291694
295.6070724708291
295.60707247083
295.6070724708295
295.6070724708294
-204.39292752916987
295.59371128793515
295.6070724708289
295.60707247082996
294.59375123107645
295.6070724708302
290.1555219608425
294.95004684306093
295.60707247083053
295.6070724708301
-204.39292752916995
295.60707247083
293.30330304078893
295.6070724708291
295.6070724708298
295.6070724708295
295.6063462602339
295.6070724708298
295.6070724708291
293.2815720279965
283.9351255033647
295.10423898082985
295.60707247082985
295.3086670235447
295.60707247082917
295.60707247082917
284.5486965339554
284.47991768955814
295.60707247082837
295.60707247082894
284.89741507541356
295.30866702354496
283.9417860125207
295.60707247082865
295.6070724708289
295.3086670235445
295.6070724708288
295.3577468763092
-204.1550400547797
294.5937512310736
295.60707247082803
295.60707247082826
295.6070724708283
295.2066169520499
295.3244674617222
295.6070724708284
287.3102173301461
295.59371128793487
293.9810174880455
295.6070724708288
-204.39292752917197
294.64226000234527
289.65522118263334
295.60707247082865
289.1986761364366
295.60707247082905
294.02387380896016
294.95004684306065
295.30866702354433
295.6070724708282
-209.1393834349015
283.3670206671992
293.30330304079365
295.60707247082877
295.60707247082837
295.6070724708291
295.5937112879344
295.60707247082877
295.60707247082865
295.6070724708286
295.6070724708279
295.99934376800877
295.30866702354405
295.60707247082826
295.60707247082877
295.607072470829
295.3864524395803
295.60707247082763
294.9670100765033
295.6070724708292
295.60707247082814
295.6070724708287
294.9670100765013
295.6070724708283
295.60707247082826
295.60707247082894
295.6070724708282
295.60707247082775
295.3864524395804
295.606346260233
295.60707247082934
285.46636188554294
295.60707247082894
268.838175355141
295.60707247082854
294.62451267039467
295.60707247082854
295.60707247082837
285.63905127925847
294.951286250896
293.34469783383037
295.6070724708279
294.967010076501
293.34469783382866
295.60707247082826
294.64226000234765
-202.78384365866964
293.99435222852827
295.6070724708282
295.60707247082826
295.6070724708282
286.5433194389895
295.60707247082865
295.6070724708274
295.6063462602335
295.60707247082826
295.6070724708279
295.60707247082973
295.5937112879341
284.1859776923301
284.1302541960166
295.60707247082814
295.60707247082814
295.6070724708271
295.60707247082877
285.78967906309265
295.6070724708272
295.6070724708284
295.6070724708279
295.6070724708273
294.64226000234373
295.60707247082826
295.6070724708278
295.59371128793373
295.60707247082786
287.3845363630562
294.64226000234737
295.6070724708274
295.6070724708274
284.98375496610595
295.6070724708281
293.9810174880466
294.9512862508969
295.60707247082775
295.60707247082803
295.60707247082746
295.60707247082775
295.607072470828
295.60707247082746
295.6070724708276
285.22685474853114
295.5287002853496
295.3272142687282
295.60707247082826
295.48030334651037
287.55024658159266
295.6070724708278
293.99435222852986
293.4376195705844
294.473023160421
293.4376195705879
-206.27792626210794
287.2882341048963
284.5288370301464
284.0631644565188
285.35046720759067
-205.46735545359394
-215.64981218776126
293.9943522285305
294.2235327469368
284.9278370122207
294.2602440773978
285.21811414707366
284.92783701220577
-235.86531619869524
284.57608410740664
294.22353274693813
294.2620494810897
294.2620494810876
294.2620494810882
292.49814279673694
285.42914232270414
293.98101748804015
294.97328716614567
284.92783701223004
294.9500468430571
294.9500468430576
294.9500468430566
294.9500468430575
294.95004684305735
294.9500468430588
294.95004684305763
294.95004684305565
286.6310838939483
294.95004684305724
294.9500468430588
294.9500468430562
286.36931606947564
293.0134365634535
277.81162436158525
-214.30292295704587
294.9500468430577
285.50347769651535
294.9716880517559
294.9500468430572
294.95004684305815
294.96701007650125
293.4376195705833
294.7428199247759
266.3441412004282
292.55156049737894
293.1963183083178
290.84124729320195
293.41952092643356
-207.81137091126348
277.0770828171879
284.9278370122196
-205.70213355552792
282.6473076596653
294.97328716614504
275.0868838545778
294.9500468430546
294.9500468430566
294.95004684305735
294.9500468430576
294.95004684305576
292.52493438183336
294.9500468430557
294.9716880517549
294.5670252360745
294.950046843058
279.9877221347193
284.2208073341752
294.97168805175517
-207.66273719042286
294.9500468430568
294.9500468430557
293.01343656345813
294.5937512310712
284.9278370122148
293.01343656345574
294.22353274693336
294.9500468430538
294.97168805175613
286.2477535927583
294.9500468430549
294.0358595468175
294.9500468430557
294.95004684305553
276.691527801478
287.84668972546314
294.9500468430555
294.95004684305525
294.96701007650023
292.53889623593733
273.8378019135403
293.8011269759023
292.1187174369359
-208.15793806186878
-206.27792626211217
-205.68535137895893
294.26024407739374
284.6510161624122
277.8315439807591
294.95004684305496
294.9500468430549
294.26024407739555
293.9810174880452
293.01343656345995
294.95004684305616
293.34469783382514
294.9500468430547
-206.73400102341822
295.7394465694007
294.9500468430559
294.9500468430554
294.9500468430546
294.9500468430545
294.95004684305485
294.95004684305496
-205.94007447291364
293.01343656345466
287.1197247984691
294.9500468430565
293.34469783382696
294.9500468430562
294.9500468430554
294.95004684305604
294.95004684305525
294.9500468430558
294.97168805175454
294.95004684305655
294.56702523607396
277.19740790817406
283.55467278131397
280.8436779263406
-208.0730516658269
294.9670100764991
286.52137319091975
294.9500468430554
294.9500468430558
286.4403352169333
294.95004684305474
294.5682209060007
294.95004684305525
294.95004684305485
294.9716880517539
-208.0730516658305
