-201.009877147145
-201.00987714714512
-201.12138505696123
-211.75656622325607
-201.0098771471449
-202.74674043681304
-208.03454824846654
-201.12138505696112
-212.83123570985202
-201.0098771471448
-204.32937625812596
-201.88072724093453
-201.00987714714495
-201.12138505696103
-209.74774588042237
-211.88709085419453
-201.1213850569612
-209.8445180956103
-208.03454824846733
-207.981129256686
-202.23918811239977
-201.0098771471449
-209.2855976528027
-211.00829805218663
-206.39263879669537
-201.12138505696112
-204.17526194123724
-201.12138505696146
-209.49966340727894
-206.52066797601273
-202.23918811239994
