-201.12138505696132
-207.76537060639086
-202.07374530727037
294.8568260608794
291.38723849810253
291.6576134519068
-205.40469721796023
-201.0098771471448
-209.28559765280426
-201.0098771471448
-201.009877147145
-204.6459009404942
-201.12138505696132
-201.12138505696103
-201.12138505696137
-202.0737453072697
-207.50451702964477
-201.12138505696117
-203.97384130040368
-211.46254282758488
-201.00987714714498
-204.23318157401195
-201.12138505696137
-205.8631133825342
-205.2523006251601
-201.12138505696112
-201.1213850569612
-201.12138505696146
-203.3614052013664
-206.52185762684667
-201.12138505696132
-201.1213850569615
-201.12138505696126
-201.12138505696117
-201.00987714714503
-201.1213850569613
-201.12138505696126
-207.91931373282222
-202.0737453072703
-201.00987714714498
-212.15877456684677
-211.81503947680451
-201.1213850569613
-201.12138505696103
-206.36162973613506
-203.3614052013666
-201.12138505696123
-208.09438500788875
-201.12138505696117
-201.12138505696115
-206.59513254527855
-208.00409159833472
-201.12138505696117
-210.72462168909206
-208.9144980280129
-201.12138505696123
-201.12138505696117
-201.12138505696163
-208.40164170654958
-202.23918811239986
294.5964504635321
-201.1213850569612
-209.236678571992
-201.12138505696115
-203.36140520136618
-201.12138505696106
-219.37018081409855
-201.12138505696115
-209.29802038517974
-201.12138505696115
-201.12138505696112
-201.12138505696115
-201.1213850569613
-201.12138505696126
-204.72066514470407
-201.12138505696112
-205.7558608362692
-201.1213850569613
-205.46880672126943
-206.1810101274876
-202.07374530726977
-201.12138505696086
-201.1213850569611
-201.12138505696123
-201.12138505696103
-202.23918811239983
-201.1213850569612
-204.72066514470592
-204.23124840974793
-201.12138505696112
-207.12458311173685
-207.23473145869787
-205.56034765028414
-202.23918811239935
-202.23918811239952
-202.2391881123996
-201.12138505696117
-201.12138505696134
-201.12138505696123
-201.1213850569613
-201.121385056961
-201.12138505696137
-203.36140520136632
-202.07374530727003
-201.1213850569611
-201.12138505696095
-201.1213850569611
-201.121385056961
-201.12138505696151
-201.12138505696083
-202.07374530727012
-204.2331815740121
-201.12138505696117
-201.12138505696106
-212.17086325193253
-201.12138505696106
-201.12138505696106
-204.23124840974774
-201.12138505696112
-201.1213850569609
-202.23918811239972
-209.13102891972056
-201.1213850569613
-208.4773666237113
-202.0737453072697
-205.28592426026808
-206.6926577005479
-201.12138505696117
-202.23918811239943
-201.12138505696115
-201.1213850569614
-207.12458311173677
-201.12138505696126
-202.07374530727
-201.12138505696117
-201.12138505696097
-201.12138505696112
-202.0737453072699
-201.12138505696115
-201.12138505696103
-201.12138505696097
-201.12138505696103
-204.23318157401138
-201.1213850569611
-201.12138505696112
-201.12138505696083
-201.12138505696075
-201.12138505696095
-201.12138505696092
-201.1213850569612
-201.12138505696123
-203.3614052013663
-201.1213850569611
-203.97384130040314
-201.12138505696097
-202.07374530726983
-201.1213850569612
-202.23918811239955
-201.121385056961
-201.1213850569612
-201.12138505696115
-201.12138505696075
-201.12138505696115
-206.48982002381797
-201.12138505696066
-201.12138505696103
-202.239188112399
-201.1213850569611
-206.39263879669807
-201.12138505696103
-201.12138505696106
-201.00987714714498
-202.07374530726986
-204.23318157401079
-201.12138505696086
-201.12138505696097
-201.12138505696058
-201.12138505696055
-201.1213850569609
-202.07374530726966
-201.12138505696112
-201.121385056961
-201.12138505696092
-202.2391881123995
-201.12138505696078
-201.00987714714483
-201.12138505696106
-201.12138505696115
-201.12138505696103
-201.12138505696117
-201.12138505696115
-201.12138505696115
-201.12138505696126
-202.23918811239918
-205.5603476502834
-201.121385056961
-201.121385056961
-201.12138505696106
-201.12138505696083
-202.23918811239997
-201.12138505696095
-201.12138505696092
-201.00987714714475
-201.00987714714498
-201.00987714714483
-201.0098771471449
-208.03148613044047
-210.58267300676457
-208.03148613044326
-210.95450083181134
-208.03148613044536
291.9452851857491
-208.03148613044206
-208.03148613044064
-208.0314861304454
292.1959969597522
-211.77959036943452
-286.56405413179664
-267.32468349530257
-222.08716708305158
-204.94832686980982
-205.492171682062
-257.4749812260659
-212.22483771157337
-257.44242387588844
-356.0515069074148
294.54100627630254
-151.5881272262894
-205.49217168206235
-162.86729927699983
295.31774846124426
-176.31099077402044
-256.8183368705267
290.1131546232245
-277.59464909608545
-205.70000355686528
291.3168713981038
292.99290761574065
-218.88934759435378
294.5410062763027
292.26735359336794
-295.3605137861154
-164.84790016807386
-130.29886501498578
-250.6133952106985
-220.70289480073436
-230.67461035479081
-205.9926599132284
-205.9926599132291
-205.9926599132287
-219.56652637209118
269.49963667571126
-208.31279830581613
-208.31279830581713
-204.68225153875582
-218.35422620857418
-206.62141602244816
-232.60434146955387
-206.62141602244787
-240.48445381551937
-207.83780304031097
-207.54620213631338
-207.83780304031242
294.7808716278953
292.48568336008066
294.5410062763026
-207.82583615833488
295.31774846124546
293.8518709054379
295.3177484612449
294.78087162789404
-207.95768718039696
-205.40154589559356
-207.95768718039912
287.3990788213754
291.75539680308856
295.04026650506876
-206.55430851458445
291.75539680309413
291.9452851857487
294.0745206375164
294.54100627630214
291.75539680309123
291.94528518575055
292.99330511710764
291.9452851857543
291.9452851857541
288.90292462635824
294.7808716278946
-211.90033608517422
292.7829906123706
-207.9576871803957
294.5410062763034
291.7553968030959
-208.0969590656264
-210.1329138361265
-211.30541762519633
291.52991784432265
291.75539680308754
-208.22676388619567
291.7553968030897
291.7553968030935
294.7808716278937
291.75539680309475
291.7553968030942
291.7553968030955
291.7553968030856
291.7553968030885
291.7553968030895
-208.2267638861928
289.4059863374022
-201.96426871086044
288.1416465029825
-203.74859917128552
291.75539680309606
291.75539680309384
291.75539680309424
291.755396803095
292.1959969597585
-208.4243305581111
288.1819229528343
295.3177484612441
292.1959969597589
292.19599695975893
292.1959969597642
291.9452851857556
-208.93920183785653
292.1959969597629
292.19599695976626
292.19599695976405
293.41240423430395
292.1959969597608
288.8319586351473
291.94528518575413
288.9029246263661
292.1959969597608
289.2895903234365
292.19599695976314
292.195996959762
288.26273308292247
-206.20958851052228
-208.14303186348684
293.4124042343043
292.1959969597658
290.00719900151523
-211.89762576061588
292.19599695976
292.1959969597599
292.19599695976257
-212.18703476522964
-207.168072909697
292.66877259426764
-205.4015458955949
292.19599695976245
292.19599695976143
288.82124848585573
290.0172058879262
292.19599695976456
288.0449139124865
292.1959969597628
292.1959969597658
292.1959969597647
292.1959969597621
292.1959969597604
295.0402665050677
292.1959969597623
292.1959969597634
293.4124042343035
-207.87271005779408
-202.74674043681355
292.1959969597649
292.19599695975944
292.1959969597652
-201.96426871086047
-223.63229379664995
292.99330511710804
294.5410062763021
291.94528518575356
289.19963608808
294.5410062763019
294.54100627630237
292.19599695976103
-203.52980029838668
294.72352404610376
292.19599695976274
292.19599695976297
292.1959969597643
292.1959969597657
292.1959969597645
289.29139675112714
292.19599695976984
290.00719900151876
294.07452063751543
293.85187090543894
292.19599695976603
292.1959969597644
289.9252521655343
-223.0032948961548
291.9452851857611
288.5905106388069
294.5410062763016
261.23811577814524
292.1959969597641
292.1959969597675
290.1622198767517
292.1959969597713
290.19227183139583
289.28959032344784
292.19599695976575
292.3722846845649
293.85187090543724
-209.96956512567
-203.52980029838625
292.19599695977234
292.19599695976956
292.1959969597679
295.31774846124466
292.19599695976285
-203.24149075912877
292.1959969597624
290.3985370152945
292.19599695976734
292.19599695976603
294.54100627630186
292.19599695976416
292.19599695976837
291.7553968030975
292.195996959765
292.3901740586741
292.19599695976717
291.94950141629926
293.8518709054387
288.67816608195494
292.9933051171083
287.40439453946897
292.1959969597645
295.04026650506637
292.1959969597661
295.0402665050667
292.19599695976945
292.1959969597657
292.19599695976893
294.0745206375158
294.5410062763019
292.19599695976626
292.1959969597683
295.3177484612434
289.28959032344426
292.1959969597679
275.3075716592241
294.07452063751526
293.4124042343048
292.1959969597656
292.1959969597688
272.7225774126301
289.28959032344756
294.30808926977465
293.17264094376014
292.19599695976876
294.7808716278919
292.19599695976757
292.19599695976615
294.77843739504146
292.19599695977047
292.9933051171105
289.28959032345256
292.19599695976746
292.19599695977143
292.19599695976484
295.317748461244
287.40439453947215
-202.23918811239858
292.1959969597682
-203.94772700908038
257.73496081412566
292.1959969597682
294.5410062763014
290.1922718314062
292.1959969597678
292.99330511711315
292.1959969597664
272.3200052161949
292.19599695976643
292.1959969597706
292.1959969597662
292.19599695977405
292.19599695977365
292.782990612374
292.1959969597736
-202.74674043681364
292.37228468456374
-218.39858236568992
292.19599695976984
292.19599695976854
294.07452063751816
291.9452851857666
292.195996959771
291.40560042691453
-206.76962689054392
292.19599695977206
292.19599695977354
292.1959969597705
289.28959032345216
-208.09695906561473
292.1959969597701
-207.50669764764078
292.19599695977064
-210.16917182009152
-208.14303186348178
-206.99372022147307
284.7019176124315
-208.5302409687119
-210.44143714533595
-283.5228216114228
289.5585628546598
292.01667068272747
295.0402665050654
-209.58429261692768
288.2900584741204
289.1417012684048
-213.6980399217755
289.94701531835096
288.5053459162441
289.94701531835494
289.94701531835534
294.1930818097877
-217.1273209731917
293.5884597727517
288.3142195094687
287.58180019003964
-210.63500134801413
-226.69250245385751
281.97538370197884
290.5852673381633
-206.78557068324668
288.5805977715139
-215.76710603998166
288.3142195094664
-215.7085585691476
288.3142195094704
283.5764018710424
288.61105411914
288.0817280986683
-212.7278401485431
288.3142195094583
290.8746219702143
288.3142195094676
289.1417012684182
-243.95272610565365
-228.91025987754452
283.9820585554783
285.1822124698619
288.31421950946714
287.0895893985851
-242.63973897003376
272.1383246774455
242.45137309014686
279.2120590644555
286.95286996479666
286.38631519813714
-213.07988317657205
288.3142195094639
289.277613968265
290.03253029832536
286.8051735628976
288.3142195094718
288.3142195094741
288.29687350052296
289.7023830395362
288.31421950946617
288.31421950946896
289.7023830395289
286.9528699647915
288.31421950947924
288.3142195094704
288.3142195094726
288.5805977715147
288.3142195094682
262.4277211103146
287.89063991743376
277.3682637790417
288.31421950946435
288.3142195094646
289.09692804055186
-210.74529129039823
288.296873500528
288.3142195094744
288.3142195094788
288.4533317020882
284.3441205719303
285.18221246985445
287.94862582309196
293.67258303215436
-213.41642757410628
288.9280091179561
288.3142195094729
288.3142195094721
288.31421950947544
288.31421950947487
288.3142195094702
282.70272053804365
283.66317554883443
-211.18076628129757
-212.80422999046755
291.3720375120452
285.85507801194495
288.31421950947146
286.2059046541354
288.3142195094681
288.58760493636584
288.5876049363711
-204.26883651250674
294.09141232912737
288.29687350052546
288.3142195094699
289.0072931699452
273.6598507424566
-210.72860719323998
286.63533136833036
-204.98475264167115
287.08958939858377
286.95286996479996
-214.321060209442
290.46458305808954
289.02060218714854
288.3142195094745
289.00729316995347
288.3142195094776
293.7566510567247
288.39174745689724
288.3142195094766
289.9470153183558
286.89027094247854
-216.2673764232776
-212.04132560685792
-211.28716747824953
275.15684887304496
288.31421950946975
288.314219509469
289.9470153183638
288.3142195094759
294.04160821032383
-211.42251539902622
287.6590625256735
288.3142195094652
275.42293951721314
288.3628402800289
283.7754265183179
284.7493943288361
289.00729316994875
284.33009257698814
286.95286996479945
284.2837243543808
288.0817280986751
289.14170126842515
-211.61873175039386
288.314219509475
288.31421950947976
288.5876049363821
288.3142195094876
-214.6951663703912
287.65906252567004
284.5383342462867
278.951653986762
287.7411538748498
-206.5543085145722
287.65906252566475
-214.05122366198137
287.65906252566305
290.9895732078652
285.9793841939388
285.97102236559886
-214.051223661978
286.1028669700595
-214.04577225547004
287.40105335813666
-214.05880468769266
287.1569064145966
-212.56514862053274
-230.6328310972016
-203.36140520136425
-211.41932000766923
-214.05122366198242
287.6590625256721
-210.78005482165173
286.2572271420165
-210.84842255550623
-214.05122366197332
288.2161839226014
288.5653175659089
286.00820621848635
-210.10807344340728
-214.0512236619778
-212.61984383301194
-210.7800548216558
-214.05122366197367
290.0325302983325
276.2073003650751
285.9710223656132
294.03702039628627
255.3023447618379
271.00260093939403
288.6416750668699
-210.47881959475535
286.0066247461681
284.5919512583974
283.6669107539233
286.0112738277935
-214.68875654420583
-214.11602398456552
287.6590625256702
290.03253029833337
285.0967289372525
-210.78005482165628
288.2617308269111
256.53738785262146
283.859840390455
289.1417012684229
286.843374239222
288.68340928730413
288.79784073621727
287.65906252567555
288.97257848103214
289.0206021871463
290.0325302983414
290.0325302983382
290.0325302983416
290.03253029832774
290.03253029833803
288.88815940338344
290.03253029833405
288.3594117447468
-212.3468468734349
289.81398084679324
290.0325302983356
222.93920981981427
290.0325302983368
290.0325302983439
-212.69161319039705
284.8388617918791
286.4972615660287
-212.69161319037883
287.6590625256715
290.03253029832644
-224.09453956137008
253.04110452975746
290.03253029833417
-227.13483718901918
-214.55586016779043
282.8220819632606
235.8063699690636
288.3142195094754
290.03253029833513
286.51374843402056
274.4342896868556
288.7281496501262
285.9710223656102
251.63366978406094
287.99963964232165
-251.25247786932
276.02788254707514
289.00729316996086
285.97592682989983
234.64422627171405
261.57238121033777
-215.02089015605648
-209.50010124994967
268.63428791590445
286.60175432218716
273.95421843015026
-214.05122366197347
288.5653175659091
272.8454766778864
286.8433742392164
288.8881594033797
262.9290622995936
288.7978407362109
265.041086373003
-214.752092772707
281.5499026857435
-210.24972444085031
-215.644431391773
286.2417782614126
290.03253029833724
272.92184219356983
287.12182454224865
286.49726156602804
289.8139808467931
290.14296433860966
-211.57639790284614
286.2417782614151
286.0066247461799
-211.42251539902034
272.7267201869067
-220.37250112075608
290.2651724065021
-215.64928677317357
-211.60582001601796
290.03253029833684
290.0325302983451
-212.85432539823864
289.96677319257265
290.4269646637476
288.8229334189093
290.069136602189
286.0066247461795
290.0325302983394
289.0051840475537
290.03253029834224
290.0325302983465
-218.694504065396
290.0325302983441
290.0325302983344
253.74530097795744
290.03253029833934
288.822933418906
-211.101135629138
287.28699870382883
286.2417782614329
-210.1288961142389
289.1201094119956
-209.97469187265844
290.03253029833934
288.8229334189195
289.4252906092866
287.2869987038249
-265.14280202748154
290.03253029834525
289.8139808467987
-210.00826438825976
290.0325302983352
290.0325302983505
288.14218315101465
289.0206021871507
293.7797837599387
-212.71987038082682
-214.58685166777198
288.972578481041
288.4780555549427
288.47538623941057
290.0325302983462
288.7951651166753
288.8881594033837
290.03253029834065
286.97544880961283
288.8229334189305
290.0691366021949
288.6133926155874
290.0325302983369
290.0325302983382
-219.76077106680484
289.70238303955716
286.24177826141363
290.06913660219794
-213.8554998759223
290.0325302983399
286.2212540479808
290.0325302983433
290.03253029834985
288.97257848103374
288.31421950949635
290.06913660219516
290.0325302983512
290.0325302983479
277.6531301745736
287.28699870383264
280.5398134586725
290.03253029834735
290.0325302983448
287.28699870383633
-213.41142859579372
276.4567912032573
289.14170126845227
290.2651724065144
286.4378762061654
-223.69986759003874
290.0325302983496
290.0325302983506
-221.43582209190635
266.1362999436591
279.8429955122841
290.0325302983537
289.8096950987981
290.03253029835116
288.82293341893137
290.0325302983472
286.43787620615376
293.76990569620114
290.0325302983524
290.03253029834895
289.7023830395611
288.3142195094963
290.0325302983468
290.0325302983463
-211.56095019289648
290.0325302983471
289.70238303956745
281.63566295321755
-213.11191508841225
290.032530298349
289.80969509881317
290.03253029834184
290.03253029835145
290.032530298347
286.6832605421145
283.701424575656
289.8096950988067
289.0051840475705
262.93935741444784
286.43787620616206
290.1482390481426
284.4974515475552
274.0672519007745
283.9008658879034
276.3042090619749
287.65906252567225
286.0832486613381
285.5989035099309
276.3827778956119
291.8867063968918
286.4378762061575
288.12947690674895
-210.7800548216387
287.3221544394399
286.43787620616234
286.0082062185121
281.64103991350214
-202.74674043681372
286.43787620615285
273.68998711382864
284.1279798750709
-210.47881959474265
-213.6697053071135
288.5805977715333
253.6547484069506
284.10056482300234
286.43787620616575
286.43787620616524
286.43787620615404
252.35730086148976
286.4378762061646
-212.49036679685884
286.00820621852074
-202.23918811239733
286.4378762061642
286.43787620616473
-210.3730327369352
-212.39495605182512
286.4378762061735
286.8001304589412
-209.52543132320318
-218.24832370626174
289.1984268750292
286.43787620617127
286.43787620617456
-210.47881959473938
288.8742501449581
288.58760493641006
288.42379478023673
286.43787620617604
256.89523546916405
286.6832605421075
293.293966114245
-232.0814895826838
288.4237947802405
-224.77921201512072
284.5193478621021
251.51340946195762
267.4506510379973
256.1105323667947
286.1502270130616
288.4237947802346
288.1294769067572
286.43787620616945
