-201.009877147145
295.150941445876
-202.23918811239975
-210.43461310931215
-205.93620377741075
-202.07374530726983
-210.4385112240648
-202.2391881123997
-214.14943436173294
-208.03445125216686
-211.0249699147693
-201.12138505696097
-214.80703483590602
-204.82217493658206
-215.33835019104302
-206.24494659281805
293.37430154030966
-201.88072724093436
-214.7401285647213
-205.8312556052415
-205.023004111632
-212.41642339202454
293.3678503222126
-205.86130871499685
-201.96426871086075
-205.20305267989556
-202.74674043681333
-203.76364102216385
-211.10428607496976
-201.88072724093436
-204.231248409749
-201.9642687108606
-201.12138505696126
-206.68789769458525
-211.7945416366942
-201.0098771471449
-202.2391881123999
-210.57342618948115
-208.80122248995684
-212.58758938411196
-215.94993186032957
-210.1645243518557
-207.64523531084788
-201.88072724093428
-201.8807272409344
-213.95623532900285
294.48679146792404
-207.5612990762
-208.81249720900666
-209.76978314353207
-208.01903874741265
-204.43747543564618
-209.18931909574616
-212.17510262187275
289.1594434514951
-210.27347073756795
282.40468056734863
-203.36140520136746
-211.47945276708128
-210.60561257357276
-210.12824438828423
-202.07374530727012
-205.29053348343876
-208.7442300504935
-210.19549434299407
292.34473079319866
-202.07374530727026
-201.12138505696115
-210.58434344896023
-202.830354754317
293.9259289314245
-210.7527936139118
-202.621720755236
295.0270020440553
294.94102635454647
-203.74859917128526
292.668772594262
-206.16232529053298
-204.15160913616177
-206.62734952452604
-212.1082225104333
-204.9304233257651
294.3866074175506
-209.74628379832777
-206.88863817506228
-209.39283793788005
293.0407198279825
294.7808716278952
-207.6433506206114
-213.42825498828827
-207.49764071269868
-202.6217207552358
-204.64590094049348
-207.37243301658032
-201.12138505696106
-211.84319514036622
-208.7780473524997
-209.9815089748984
-207.7389152401453
293.41240423429815
294.78087162789484
-202.83035475431706
-202.2391881123997
293.8904245527152
-208.1934424825705
-212.8965283011605
-205.21912837210488
-210.58622645151902
-208.03148613045065
-214.6324253802449
-201.12138505696117
-202.23918811239952
-206.81664895151926
-210.96030275566818
-207.25447116066698
-209.92676851214324
-209.52686785534942
-215.98149264832085
-206.85761670338033
-205.7489288908205
-212.53751671679808
295.3177484612452
-208.03148613044803
-208.03148613044445
-213.42395687088583
-212.2383241059192
-210.51272696574307
-206.69877248116774
-201.00987714714492
-203.94772700907842
292.6206496886565
293.3995606773944
293.7449591177242
-210.3515745094627
292.39017405866247
-208.06312973031402
-219.94210383555873
-205.95147056516737
292.78352940740746
-207.06028646695842
-209.08927087571726
293.21720115221876
-213.7260222462691
-212.4018257335885
-206.2095885105226
-207.61236614744678
-212.8200378813997
-206.6878976945815
-202.62172075523588
-206.63075062371365
-206.6878976945795
-207.1369558332327
292.7829906123669
-205.49217168206135
-215.2737244210959
-216.8170472255355
-207.90012911586658
-212.8970939944261
-203.74859917128595
-201.00987714714498
-203.7485991712849
-208.19675306968946
-210.9200452635442
-208.19106891298753
-208.11726813598906
-215.20433192425867
294.08678714236584
292.78352940740785
-209.4040290016463
-208.19675306968261
-212.32040685437966
294.07452063751714
-211.0357604414809
294.88413723293326
-208.19675306968114
-215.16625757453488
-208.65727805708644
-206.37175691429957
-205.91715189648457
292.78352940740785
-214.63837116464802
-205.74892889082105
292.7835294074059
293.41240423429974
-207.5143166399232
-202.23918811239926
-206.37554528336045
291.4867028690199
294.0745206375159
292.3901740586616
-209.9134787154104
293.41240423430014
295.04026650506785
-208.04974723030836
-207.37205821430513
-211.0280040251826
-208.80310957648976
292.78352940740837
-207.06028646695643
294.5410062763017
-207.06028646695688
292.19599695975836
294.54100627630237
-203.94772700907868
292.19599695975734
292.195996959756
292.19599695975876
-204.68225153875414
294.5410062763034
292.9933051171038
293.85187090543667
295.0402665050679
293.06338902147917
294.54100627630277
-208.19675306968398
294.0745206375144
291.4848113210253
292.2673535933646
292.78352940741127
291.6576134519092
290.52283513633694
-208.52072063309353
293.4124042342997
292.78352940740984
-205.5130887029958
-212.26050389108866
-206.45579614822591
-207.58301197611905
-208.24215157166984
294.7808716278945
290.4206552041033
-207.06028646695466
295.04820688245263
293.4124042343027
293.4016308457874
-205.21912837210536
-207.06028646695387
293.3995606773979
293.41240423430224
293.4124042343012
293.41240423430304
294.7808716278955
-208.2421515716679
292.9933051171059
292.99290761573803
293.41240423430224
293.492926054146
293.4124042343026
293.1864220077533
293.18642200775514
293.8518709054376
292.3722846845511
292.1959969597562
292.37228468455135
294.0745206375164
293.8518709054376
295.31774846124523
288.5165017904114
292.3722846845516
292.2673535933661
-207.6932929099375
-207.6452353108423
292.3901740586652
-207.64523531083697
-207.64523531083964
-207.89930364947293
289.8401254272775
-207.6452353108411
-207.73264640663118
292.2947223541823
-207.64523531083682
-207.64523531083813
-208.117268135984
291.7719686594844
292.7829906123682
295.0402665050684
293.41240423430247
295.0402665050676
293.41240423430366
292.99330511710514
294.7808716278951
-209.19642054291066
292.99330511710673
293.41240423430173
293.4124042343028
292.99330511710843
292.2953650409266
293.41240423430116
293.412404234303
293.4124042343032
-207.54743686328558
293.41240423430304
292.9773294776483
293.19073785281427
293.8518709054382
293.04902024491304
293.35614826976706
293.41240423430247
293.3995606773951
293.41240423430315
292.99330511710565
-201.12138505696075
292.19599695976245
291.945285185755
292.3722846845573
292.37228468455726
293.4365101278916
292.3722846845523
292.39017405866633
292.3722846845571
292.3901740586666
-207.59280085354382
293.41240423430133
-208.52072063308688
292.7835294074143
292.78352940741394
-208.24215157166444
-207.59280085354268
293.1864220077536
292.8963876774497
293.8518709054381
292.78352940741144
292.6824372731606
290.50078954032114
291.3542017684553
-208.24215157166483
295.55336775902333
293.21720115222274
-206.93514554492396
293.3561482697708
293.40464707906773
293.21720115222155
293.4124042343037
-216.95144338448208
-207.03855746068427
293.3561482697689
293.35614826976934
293.3561482697705
295.027002044055
293.35614826976945
293.04902024491383
293.620406403948
-287.1269378906378
-207.4764613557292
-201.9642687108604
295.0402665050669
292.17933142527295
293.3217035875033
293.35614826976973
293.3561482697702
293.40163084578836
-201.1213850569604
292.3722846845566
294.0745206375169
-207.92459452457476
292.39017405867185
292.3901740586721
292.39017405867236
-212.20012890561145
292.6206496886615
-207.92459452457004
-210.86179182331307
-206.64592298108687
293.8313065217649
-204.68225153875574
295.31774846124387
294.780871627893
294.7808716278947
-208.46021991009937
-218.03369626542565
295.3177484612432
293.21720115222064
-207.53190830081346
291.30066168701137
-207.48337090936786
-207.53190830081527
-209.56351774685186
293.2172011522215
292.6954532934955
-210.5650909484468
-207.531908300813
292.6954532934969
-211.77959036943145
292.78299061237107
-209.39688404261915
292.52820733036333
-207.53190830081485
292.806592261569
-207.5319083008157
-207.53190830081377
295.3177484612437
-207.53190830081525
291.73847248200065
-206.41719913304902
-207.53190830081328
-207.53190830081428
292.783529407415
-207.53190830081073
-207.53190830081212
291.50835291259006
292.30225126325723
292.99330511710895
287.11766542992257
287.8509059229803
285.14311208570615
292.3901740586778
288.79123808462896
292.3901740586741
295.0402665050667
292.1959969597702
292.99330511710804
291.30809139621414
292.39017405867037
292.7835294074193
294.0745206375171
292.78352940741604
292.78352940741763
292.7835294074128
292.7835294074132
292.3901740586697
292.78352940741667
292.39017405867395
292.80659226156945
292.78352940741564
292.7835294074135
292.78352940741655
-208.2421515716642
295.3177484612443
-204.38238334086407
292.78352940741627
292.7835294074165
291.3684865605892
-233.57011256643815
292.7835294074131
295.3177484612437
-208.3577393655997
292.7835294074161
-208.4916470874133
-165.59909654637235
295.3177484612435
-210.21564836155895
292.78352940741706
292.78352940741456
292.7835294074157
292.783529407415
291.7384724819998
295.0402665050657
292.7835294074164
292.78352940741695
292.3901740586727
293.54863875632054
294.7094665165579
-207.9245945245715
292.39017405867537
-219.22503306539247
292.3901740586732
292.3901740586706
292.3901740586722
292.3901740586753
292.39017405867435
-265.8446275662948
292.35476468916926
292.3901740586724
292.9933051171132
292.3901740586737
292.39017405867605
292.7835294074167
293.0490202449199
292.39017405867156
-227.7619364862229
292.39017405867685
-216.7315081117658
292.1959969597682
292.2673535933822
292.39017405867537
292.80659226157087
-207.51431663991053
295.0402665050647
288.8205866948697
-206.7148198635402
-207.59280085354345
292.7835294074179
292.8065922615695
292.80659226157314
291.38396046888454
292.8065922615751
292.8065922615746
293.8518709054391
292.80659226157474
292.39017405867565
295.0402665050658
292.8065922615726
-217.7378199239048
-214.19098683517845
292.5910203915861
-233.57277366781992
292.5500824303223
292.8065922615728
292.80659226157286
292.80659226157366
292.7871264466886
292.3901740586767
292.33732654701663
292.3901740586775
290.1841631627998
295.0402665050652
292.7835294074184
293.8518709054386
293.0490202449192
-202.83035475431734
292.3901740586764
-216.73375134926283
292.39017405867844
292.39017405867725
292.78352940741735
292.3901740586728
293.0490202449229
292.390174058678
292.13463847666964
292.1346384766696
292.39017405867656
294.07452063751794
291.3168713981211
292.7835294074188
292.1486412133307
260.7938012811791
292.3901740586799
292.78352940742343
292.78352940742013
295.31774846124324
295.0402665050665
-207.5928008535353
-207.4784564498705
289.1134767201435
294.0485294348357
292.78352940742036
295.31774846124347
291.2115277442567
292.806592261572
294.5410062763012
292.7835294074191
292.78299061237726
291.2647149561182
283.0924288484294
-210.2019268398662
293.04902024492225
292.2673535933827
292.7829906123804
292.78299061237857
294.0745206375172
292.7835294074203
-207.51431663990112
292.78352940741996
-207.47845644986782
292.783529407423
292.78352940742
294.54100627630237
292.39017405868026
292.39017405868003
292.3901740586802
-206.3897216264754
291.24229381143823
292.39017405867634
292.3722846845706
291.3217800635143
-208.19675306966843
294.03702039628615
292.2947223541917
-209.40402900162795
292.9933051171145
292.78299061238044
292.3901740586797
291.90780810205683
292.6206496886721
293.04902024492327
293.85187090544235
-216.45540189995845
292.3901740586793
292.39017405868026
292.39017405868094
292.3901740586804
294.04852943483576
292.3901740586794
292.99330511711736
292.78352940742053
292.39017405868094
292.3901740586807
-207.5143166399007
-207.51431663989786
292.7835294074214
292.7835294074223
292.8121221076598
-201.96426871086064
292.7193031757031
292.78352940742104
292.7835294074209
292.78352940742144
292.78352940742116
292.7835294074216
293.8518709054406
292.7835294074197
-201.12138505696024
292.7835294074216
223.59033213172353
292.78352940742093
292.7835294074201
292.78352940742235
292.78352940741775
290.1852337486104
293.2172011522251
292.7871264466878
293.35614826977474
292.783529407422
293.41240423430935
294.26948198067873
294.5410062763018
292.78352940742064
292.78352940742053
291.7406093507858
292.29536504093414
292.7835294074199
292.7835294074194
294.0370203962862
292.3901740586798
292.7835294074207
292.7835294074232
292.7835294074228
294.0745206375182
292.7835294074209
292.78712644669116
292.7835294074234
292.78352940742195
292.78352940742076
294.5410062763026
292.3901740586844
293.21720115222837
292.7835294074219
-214.15213342517052
292.78352940742093
292.783529407424
-340.43446990119435
228.9401717691301
292.26735359338926
293.21720115222956
295.3177484612437
292.78352940742326
-327.0871597857709
292.78352940742303
292.78352940742445
292.1959969597763
293.21720115222877
-212.50252902715076
-220.0263739008526
258.23440935671863
-203.36140520136374
-226.65250798161424
223.50155863131786
-285.83681057320445
239.14325514737303
-207.88548728874116
-208.62635914585542
-207.2920508807621
294.5410062763029
292.78352940742417
-243.25929956093796
294.2694819806791
292.7835294074234
292.7835294074237
292.78352940742474
293.4124042343084
291.74060935079206
292.78352940742144
291.7384724820176
292.7835294074237
292.78352940742104
292.7835294074234
292.7835294074248
-222.47143973523583
-146.2987768987023
217.67116643115583
-201.8807272409336
-208.51170059965702
293.2172011522295
292.7835294074223
292.7835294074244
-207.51431663989777
-150.68062802370517
294.0745206375192
292.78352940742514
292.78352940742195
244.63761828791925
295.0482068824505
294.54100627630214
292.7835294074237
292.78352940742525
292.78352940742525
-206.95097975507565
293.62040640395134
251.161201993737
292.806592261579
291.7384724820156
274.1671656979778
-207.51431663990243
-161.38692705380018
292.7835294074256
-264.61308215700444
-167.70063263062954
292.7835294074247
292.80659226157957
-277.96192998519456
-161.37029940397605
292.7835294074253
292.7835294074207
292.7835294074232
292.78712644669446
293.6204064039519
238.49917209572567
-207.59280085353365
246.98172433447553
294.0745206375181
175.60839450875199
-310.16668612142035
294.07452063751924
292.80659226157803
159.66897644217542
-237.8223656485385
-220.84448351959276
293.2172011522289
269.9176651829007
274.06005576027314
294.0745206375195
-336.47399443061175
-156.56023476838067
-225.3130271056841
286.03436009237043
294.78087162789194
-268.5444831657335
292.7871264466956
292.80659226157684
292.7835294074257
-207.53190830080487
292.8065922615814
-172.36862518434688
294.3237543974305
-207.53190830080806
-208.8278106579036
-241.75368972072664
292.80659226158
293.21720115223246
292.7835294074237
292.80659226158036
294.07452063751833
293.41240423431077
292.7871264466969
-205.51183309122183
291.73847248201565
-235.64695051760523
-201.0098771471444
-167.02181604289157
-363.9658400737687
293.62040640395384
256.44376943549804
168.72944138624948
293.4124042343127
294.78087162789075
-300.4904362467202
-154.5631651696507
196.13491926995584
185.45504629630722
-272.47208272732405
293.40163084579615
-208.08303431043703
-230.0667312749292
247.4175032246182
-207.8332601529524
-292.40701344049427
215.95247805255946
243.795856260548
293.40163084579586
-305.3017239385018
293.8313065217703
-226.72967671584541
-161.65654385202473
291.73847248202014
294.0745206375212
292.7835294074302
248.79148316473533
-284.7347540191836
173.58306284229553
-237.939665690217
294.0745206375205
-244.71841218198935
-219.6721405779125
273.1795167218074
259.7478999343409
-229.868561159364
-294.03756711982436
294.2694819806812
-246.69180219626134
-168.85841930318074
292.78352940742764
-201.12138505696043
-201.12138505696015
-201.12138505696012
-234.12433261321576
-201.12138505696018
-201.12138505696007
293.6204064039519
292.78352940742576
292.98130400854365
-215.76743956518607
294.7808716278908
255.0049019124777
277.06122133122756
193.1728914339754
-237.29873149167562
-234.4963033636875
-238.88278282880566
214.168156673767
294.78087162789035
-243.6546182291034
-328.5951157617589
295.0402665050626
293.40163084579666
210.8966662557101
293.412404234313
-268.9563419078093
293.0550973556257
295.0402665050621
292.78352940742843
-303.508093524128
-141.20484802762604
-162.84997818282983
292.78352940742786
292.78352940742656
293.9084234728499
-190.0744183663407
267.6325350322153
292.7835294074271
292.7835294074276
-309.07496495803116
294.0368596125043
294.0745206375188
292.78712644669605
270.2810717248783
-308.13163887211954
292.78352940742997
-162.91176719678705
292.78352940742593
-235.7097861812085
-207.53190830080428
-201.1213850569603
-201.12138505695998
-202.07374530726918
-201.12138505696018
-202.07374530726918
-201.12138505696012
-237.87457971032887
258.6355289333955
292.78352940742684
292.7835294074285
292.78352940742957
-243.56824570103822
-201.00987714714444
-238.5216646492747
292.783529407427
-212.4037556556396
-207.51431663989274
-207.51431663989246
292.7835294074289
-299.8787020208025
292.3901740586953
-225.5762530682702
292.78352940742826
-204.71702855366962
292.2953650409449
-207.66959738227177
-225.44990964453424
293.40163084579876
293.6204064039549
294.07452063752027
292.02786910801007
294.07452063751884
294.0745206375209
-209.01250176314028
293.8325354077961
-210.2201325100803
293.588459772755
294.0745206375208
293.5884597727541
293.62040640395514
293.58845977275405
293.62040640395435
293.588459772755
-212.5782959084174
293.58845977275485
293.90502925851035
293.40163084579837
294.0416082103232
294.04160821032303
295.04026650506313
-201.12138505695995
-201.12138505695992
-201.12138505695975
-201.1213850569599
-202.23918811239747
-201.12138505695995
-201.1213850569601
-201.1213850569601
-201.1213850569599
-201.12138505695992
-201.12138505696024
-201.1213850569598
-201.12138505696012
-201.1213850569601
-204.73003932134804
294.7808716278894
294.7808716278905
294.7808716278886
-215.94885051336163
-223.20340121527786
294.54100627629964
294.5410062763019
-283.84925586623734
-205.51183309122317
-238.66889849069278
294.0745206375218
294.0745206375204
-203.94772700908084
294.0416082103222
292.847978404513
294.0745206375205
294.0745206375213
294.0745206375204
294.07452063751975
293.73437258916795
294.5410062763023
294.07452063752146
294.04852943483723
294.04160821032207
-205.51183309122288
294.0745206375217
-237.13496623704418
294.0424767649194
294.04160821032224
294.0745206375197
294.5410062763016
-204.7869858884353
294.0416082103235
-205.50614059954995
294.240488899525
-201.12138505695998
-201.12138505696007
294.7808716278883
294.08678714237755
292.34347920975836
293.2061375325481
-221.75825600292447
292.33732654703516
293.6204064039576
-151.10309792160047
292.39017405869424
-216.45134044897648
-158.20851315481062
-154.78405130134362
-159.54095765997687
266.6259370160564
282.43803663102005
170.67703186221553
295.0402665050625
289.45623095516373
295.04026650506233
291.73847248202395
291.73847248202964
288.4638802060534
291.7384724820275
291.738472482026
-267.3620065715853
-202.23918811239784
-219.64075184034476
254.2737913210368
-237.18919406129834
291.7384724820241
291.73847248203
-202.83035475431737
-208.2593906491954
253.91405769619553
291.73847248203106
291.73847248203236
291.74060935080433
291.7384724820295
285.99361955739624
292.7835294074333
291.7384724820327
293.0490202449328
291.7384724820277
294.07452063752044
288.453612294631
293.0490202449335
289.1804596636043
285.418840519002
-201.12138505695987
293.4124042343162
292.33732654703647
-214.5656737389428
280.3558799559347
-218.98005331908007
289.55856285470395
291.7384724820305
291.7384724820338
269.8758864642611
291.7384724820315
270.61596870780045
-202.74674043681358
291.73847248203197
291.3168713981492
293.2172011522353
294.0745206375205
291.73847248202895
291.7384724820305
291.73847248203225
256.9874745748726
291.73847248202793
270.3579273047269
289.92732434701986
291.73847248203367
288.50260138299194
291.7384724820328
291.7384724820292
-217.47250621579798
-207.669597382269
288.4536122946356
-202.0737453072691
281.2435556558688
289.370189185571
276.41816679019234
291.7384724820288
291.73847248203265
256.3767389385413
-208.81416044321583
278.6384567442525
285.23683738450126
291.7384724820313
291.73847248203305
291.7384724820349
293.36938563212635
279.4439189807591
292.37228468459176
281.0945307868725
-202.74674043681458
291.73847248202986
-201.12138505695995
-230.17053698959137
294.3237543974272
294.07452063752095
-207.9245945245481
292.992907615759
294.54100627630265
-204.95973349493866
292.3722846845929
280.12615109956414
291.73847248203344
271.9039506657395
274.24556501674795
-209.20719210844018
291.73847248203134
232.20066408280127
291.7406093508123
291.7384724820343
291.0116793184019
-208.19675306965104
291.73847248203606
285.8164104915848
292.7835294074328
-207.0126375955709
293.0490202449357
281.2435556558649
227.62392134438113
290.4221841367366
-272.2280944146395
-208.08303431042185
290.082497576947
294.7808716278907
267.38742207897707
289.8948301335309
-313.48371003766846
-219.1307302317358
294.5410062763025
281.1198000703926
291.73847248203805
291.7384724820382
295.04026650506063
257.69559320859963
-219.13073023173237
266.4975183579131
282.029493646352
278.31289084560683
294.78087162788785
291.73847248203504
292.9929076157592
291.73847248203674
279.08850339932644
-201.1213850569598
269.8779988077007
269.3008470874876
274.44251558891193
285.8510966544778
285.4188405190047
280.8144475007945
284.2203808015499
293.6204064039588
291.26443382685966
288.45333170212956
291.7384724820389
278.13575862558497
-208.2615275179607
281.10020731005653
291.7384724820464
292.33732654704113
-231.6030206592348
281.10020731004454
-249.48010034581375
292.2673535934115
272.67265561303134
200.03234125399587
281.1002073100546
291.738472482042
291.73847248203424
286.62270481600916
274.90672966122145
292.39017405870527
289.0072931699931
-211.42746194763598
292.6206496886911
292.2673535934072
-208.25200733821106
-219.13073023173075
276.07125983494285
-219.13073023173342
293.7799904038658
278.5425750362463
-208.44786417530966
292.37228468459523
-219.13073023173303
283.2914745987728
289.94701531839917
291.31687139815466
292.99290761576
276.3358725096779
289.5585628547187
292.3901740587019
-208.17058933910448
294.4442800784297
-216.8455316324796
293.3561482697889
256.77952045011193
269.25390299259135
293.6204064039582
280.5004053319577
289.5585628547208
-209.32209920952542
291.3168713981595
291.7870929742175
291.2644338268623
-208.2520073382108
291.7384724820367
-224.06385860893198
294.5410062763005
-208.85279630645397
292.337326547044
291.7384724820364
281.25520130365663
-219.13073023171668
-228.85058592844953
278.7355888277599
281.0945307868903
291.73847248204174
-225.5445419370178
291.738472482041
274.04884912793995
291.73847248203975
-219.13073023172188
289.9470153183961
292.1959969598036
292.3373265470438
266.7928866863735
292.62064968869055
276.6072517100047
272.9886064913702
281.11980007039307
-204.95973349494017
261.95581925980565
295.04026650506006
-222.44870927199977
235.15389184141702
-209.20719210843754
293.6204064039607
294.07452063752146
278.9354225968967
220.41875483899545
293.4124042343197
-205.73745058879288
292.3722846845959
-215.19514838378757
291.7384724820388
292.620649688694
291.73847248203856
-208.2423721527441
290.93586536321925
291.738472482037
291.73847248203754
252.57752510551845
279.60984532784533
285.41884051900894
294.0485294348369
292.89988986914017
-225.93603898080724
-232.55741465302268
291.73847248204146
293.4124042343205
291.7384724820464
268.55435523457675
279.2614989113216
291.7384724820416
294.07452063752083
286.6419295659125
290.93586536322164
292.37228468459307
285.418840519008
292.620649688692
291.7384724820396
-201.96426871086084
292.6206496886907
293.6282430857129
279.05286330144884
278.6158730057861
294.541006276301
292.7835294074379
228.5435970804391
232.5847864790843
-233.9838704502244
273.5639732627098
290.8161523272827
-207.92459452453673
259.06868856867777
292.78712644671026
279.320212481157
292.62064968869487
-208.1967530696436
285.41884051901263
291.7384724820477
292.337326547047
280.1064207416619
-218.62868705658965
293.38181919955537
291.7384724820459
295.04026650505864
285.41884051901957
291.73847248204333
292.78352940744065
285.4188405190128
291.73847248204817
291.73847248204277
284.8276307819293
291.7384724820471
285.41884051901434
291.7384724820469
291.7384724820468
291.7384724820394
291.73847248204606
291.7384724820411
294.07452063752254
285.418840519013
274.8685692016314
291.7384724820459
291.73847248204623
291.73847248204635
289.16528005824375
-240.86278225575614
291.7384724820431
292.37228468459887
-241.73972209751722
290.97775599164277
-233.44574424996785
288.5137202849949
291.7384724820462
291.7384724820485
291.2644338268764
291.7384724820418
246.4532944155082
287.78754820699027
-225.51975783077233
-210.03517979981604
288.50260138300456
-214.24476070842215
291.7384724820453
291.7384724820455
291.7384724820464
289.165280058255
280.3578392661786
279.2614989113502
294.78087162788745
-222.23616194563138
291.2644338268776
-204.7050115218604
292.78352940744264
-221.8379422292598
291.73847248204635
291.6963945729601
294.78087162788734
278.43458573860545
279.44101506643534
288.89049724486915
291.73847248204146
291.11155784291856
292.39017405871044
294.7808716278873
-204.38238334086878
278.13575862563766
294.78087162788864
291.7384724820469
291.73847248205
-222.15200239844526
292.620649688696
277.8457310238233
292.39017405871203
292.9929076157666
277.84573102381154
287.4342063111809
292.19599695980867
-215.2526296752706
-209.2071921084274
-238.2051763161539
277.0327733726999
279.26149891135015
293.41240423432185
-214.17911825320633
281.9683454577257
281.5285061273951
-205.45899372369811
294.54100627630254
292.2673535934165
233.44254415963837
-201.96426871086067
291.73847248204993
292.78352940744526
278.8426811868393
-224.8250789863219
279.2492686841971
-225.1721239169694
291.73847248204817
279.78374816236186
291.73847248205124
291.3168713981709
291.99777706050537
292.67501507808055
-216.65221424912838
282.46181570986647
291.69639457296705
291.738472482052
291.7384724820521
291.73847248205135
291.7406093508309
287.01373885389387
291.7384724820532
291.7384724820502
292.7835294074429
291.7384724820548
292.7835294074462
292.80659226159935
-212.14381223503406
-233.68916166685702
278.1888229171028
292.9535104918801
277.95431839266166
-222.13919431414303
268.7358596113242
256.1312943087586
293.049020244949
-224.99664778838635
268.7358596113363
292.89988986914426
-230.80809055779943
278.25359009075004
288.4430483151241
292.8998898691479
292.89988986914534
252.0092417738294
265.3644145182823
284.59314030132583
293.21720115224554
268.5905491454927
288.4430483151233
292.89988986914483
292.6750150780825
-208.49164708740767
292.89988986914744
292.8998898691456
283.481193391636
273.3010104641066
292.89988986914534
283.0701332093038
277.84573102384445
171.88738775056757
291.11584999157833
285.9927749498314
244.01160472036375
258.0141318900788
-217.03338976830534
-256.9433330986924
253.93328862145518
285.570469244517
-208.36092214832337
294.074520637523
-207.6045085953598
-259.23917329089784
-231.28982849996606
-207.43829651518675
-269.9790323783194
-247.45972843170642
-228.7295855079932
-246.84537434659183
293.21720115224747
295.0402665050568
266.9041521998535
285.2902609077705
294.3237543974329
220.38750823964926
-236.3871130669378
-306.24457713738985
-272.2584848532862
292.6750150780819
-264.63213450265704
-220.50670281457914
292.4163505038363
268.1096097947328
-231.2754655994354
294.54100627630106
285.6226818678806
293.35614826979474
293.20613753255697
285.29026090777006
293.2172011522473
293.20613753255907
282.8745329068362
266.615739202153
-235.38444641298196
-260.4844356968243
270.49350529607733
241.27267928399962
242.42149604591614
-224.8157042684124
292.78352940744776
-281.96261248955136
205.24383541785184
-234.8711332336647
-241.3015115921178
-257.17447615539635
293.54583795017743
-217.41738410124486
-212.37186979208622
266.6823963544636
