-210.1471185402724
-209.41501531323075
-203.8056023770034
-214.52299466809018
-201.96426871086078
-212.17192185126223
-201.12138505696103
-207.34456749141856
-203.5298002983854
-207.33544014427582
-203.26669997789088
-206.93704968634478
-205.4015458955946
-210.57890536141707
-206.66813606989953
-201.12138505696126
-203.3310797425128
-201.88072724093436
-204.2688365125063
-212.00994868495948
-204.17526194123806
-201.88072724093433
-209.17352743411172
-203.36140520136684
-202.23918811240003
-209.9630143804094
-201.0098771471449
-202.83035475431652
-201.0098771471449
-201.00987714714492
-201.12138505696132
-204.23318157401323
-201.00987714714486
-210.67848171363522
-201.00987714714503
-201.1213850569613
-202.2391881123999
-206.123632237215
-202.23918811239994
-201.1213850569612
-203.2506722346694
283.3887084473716
-211.44471445409556
-212.62078738005272
-215.65368656147518
-212.31384442698408
-202.23918811239994
-201.12138505696117
-202.0737453072701
-201.12138505696115
-210.57728555353654
-209.25044708283156
-201.12138505696117
-202.23918811239994
-201.12138505696137
-201.12138505696123
-201.12138505696117
-213.31553820162458
-201.12138505696132
-201.12138505696117
-202.23918811239994
-201.0098771471449
-201.12138505696151
-204.23318157401187
295.2287687430541
-201.12138505696106
-213.01953023402598
-206.47758480405486
-207.1245831117401
-201.12138505696115
-201.12138505696112
-201.12138505696115
-201.1213850569613
-212.43325907438037
-206.3926387966949
-204.23318157401195
-201.12138505696134
-202.23918811239992
-204.23318157401152
-201.121385056961
-208.7793048187088
-202.2391881123992
-202.2391881123996
-201.12138505696123
-201.12138505696103
-201.12138505696123
-201.1213850569612
-206.1236322372151
-201.12138505696106
-201.12138505696112
-210.67293120293863
-205.1123747994704
-207.38665345090863
-206.18101012748843
-201.12138505696106
-201.1213850569611
-201.12138505696117
-201.00987714714486
-201.12138505696123
-201.1213850569613
-201.00987714714486
-204.23318157401258
-201.12138505696123
-204.23318157401235
-201.1213850569611
-201.12138505696095
-206.18101012748792
-201.121385056961
-202.23918811240043
-201.12138505696083
-201.12138505696117
-201.12138505696097
-201.12138505696117
-201.12138505696106
-202.07374530727
-201.12138505696106
-206.52066797601302
-204.72066514470265
-201.12138505696112
-201.1213850569609
-202.0737453072699
-201.12138505696115
-201.1213850569613
-201.12138505696123
-201.12138505696092
-201.12138505696132
-211.46032719258923
-201.12138505696117
-201.12138505696097
-202.07374530726992
-201.1213850569614
-201.12138505696083
-201.12138505696126
-201.12138505696117
-201.12138505696117
-206.12363223721366
-207.12458311173606
-201.12138505696086
-202.07374530726966
-201.12138505696103
-201.12138505696097
-201.12138505696103
-201.1213850569609
-201.1213850569611
-201.12138505696112
-201.12138505696083
-204.72066514470347
-202.07374530726992
-201.12138505696092
-201.1213850569612
-206.37294593564604
-201.12138505696115
-201.1213850569611
-201.12138505696092
-201.12138505696097
-207.1062306153582
-211.2990195011674
-201.12138505696106
-202.23918811239957
-201.1213850569612
-201.12138505696115
-201.12138505696075
-204.72066514470552
-201.12138505696095
-201.12138505696066
-204.23318157401133
-201.12138505696086
-201.1213850569611
-201.12138505696095
-201.12138505696103
-201.12138505696106
-202.07374530726975
-201.12138505696075
-201.1213850569608
-206.11083427912175
-201.12138505696097
-201.12138505696058
-207.14352812172123
-201.1213850569609
-201.12138505696092
-201.12138505696112
-201.121385056961
-201.12138505696092
-203.36140520136635
-201.12138505696078
-201.12138505696097
-201.12138505696106
-201.12138505696115
-202.23918811239955
-203.973841300403
-202.0737453072701
-201.12138505696115
-201.12138505696126
-201.12138505696083
-201.12138505696137
-207.5312441719373
-202.2391881123992
-201.12138505696106
-201.12138505696083
-201.12138505696126
-201.12138505696095
-201.12138505696092
-201.12138505696086
-201.1213850569609
-201.1213850569611
-201.12138505696097
-201.1213850569612
-201.12138505696103
-201.12138505696083
-201.12138505696092
-201.121385056961
-201.12138505696103
-201.12138505696086
-201.12138505696092
-201.12138505696075
-202.2391881123993
-201.12138505696097
-201.12138505696083
-201.12138505696066
-202.2391881123993
-201.12138505696123
-201.12138505696086
-201.1213850569609
-201.1213850569609
-201.12138505696106
-201.12138505696103
-201.12138505696115
-201.12138505696075
-201.12138505696097
-201.1213850569611
-201.12138505696092
-201.1213850569608
-201.12138505696106
-201.12138505696086
-201.1213850569609
-201.1213850569607
-201.12138505696115
-201.12138505696097
-201.12138505696097
-201.12138505696106
-201.1213850569609
-202.23918811239915
-201.12138505696086
-201.1213850569611
-201.12138505696106
-201.12138505696112
-201.12138505696072
-201.1213850569611
-201.1213850569608
-201.1213850569612
-201.12138505696072
-201.1213850569607
-202.07374530726977
-201.12138505696075
-201.12138505696078
-201.12138505696086
-201.12138505696075
-201.12138505696066
-201.1213850569606
-201.1213850569608
-201.12138505696083
-201.12138505696097
-201.12138505696086
-201.1213850569608
-201.1213850569608
-201.1213850569611
-201.12138505696058
-201.12138505696075
-201.1213850569612
-201.12138505696106
-201.12138505696106
-201.12138505696092
-201.12138505696112
-201.12138505696123
-201.12138505696115
-201.12138505696106
-202.23918811239872
-201.12138505696103
-201.12138505696092
-201.12138505696086
-201.12138505696078
-201.12138505696072
-201.12138505696095
-201.1213850569608
-201.12138505696095
-201.12138505696117
-201.12138505696092
-201.12138505696103
-201.12138505696097
-201.1213850569608
-201.12138505696115
-202.07374530726943
-201.12138505696083
-201.12138505696117
-201.1213850569611
-201.12138505696112
-204.72066514470234
-204.23318157401144
-201.12138505696112
-201.12138505696095
-201.12138505696083
-201.12138505696075
-201.12138505696075
-201.1213850569608
-201.1213850569609
-201.12138505696095
-202.23918811239898
-203.97384130040226
-201.12138505696086
-201.1213850569606
-201.12138505696075
-202.2391881123988
-201.1213850569609
-201.1213850569612
-201.12138505696103
-201.12138505696097
-201.1213850569606
-201.12138505696095
-201.1213850569611
-201.12138505696106
-204.7206651447045
-201.12138505696097
-201.12138505696097
-201.12138505696072
-201.12138505696075
-201.1213850569609
-201.12138505696092
-201.12138505696075
-204.72066514470137
-201.1213850569605
-209.11387720304003
-201.12138505696063
-201.12138505696072
-201.1213850569606
-201.1213850569608
-201.12138505696095
-201.12138505696083
-201.12138505696066
-201.12138505696075
-202.07374530726958
-201.12138505696083
-201.12138505696097
-204.23318157401002
-201.12138505696043
-201.12138505696083
-201.12138505696117
-201.12138505696066
-201.12138505696075
-201.12138505696112
-201.12138505696066
-201.12138505696092
-201.1213850569604
-204.23318157401096
-201.1213850569608
-201.12138505696078
-201.12138505696055
-201.00987714714475
-201.12138505696072
-201.12138505696043
-201.1213850569604
-201.12138505696078
-201.1213850569604
-201.12138505696043
-201.12138505696035
-201.12138505696038
-204.72066514470214
-201.12138505696043
-201.12138505696095
-201.1213850569607
-201.12138505696066
-201.1213850569606
-201.12138505696066
-201.12138505696075
-201.1213850569605
-201.12138505696092
-201.12138505696066
-201.12138505696052
-201.12138505696058
-201.1213850569605
-201.1213850569605
-201.12138505696035
-202.23918811239824
-201.1213850569604
-202.2391881123984
-201.12138505696024
-201.12138505696052
-201.1213850569608
-201.12138505696072
-201.12138505696024
-202.07374530726963
-201.1213850569605
-201.12138505696058
-201.12138505696055
-201.12138505696035
-201.1213850569603
-201.12138505696046
-201.12138505696035
-201.1213850569606
-201.1213850569607
-201.12138505696072
-202.07374530726997
-201.1213850569605
-201.12138505696035
-201.12138505696055
-201.12138505696038
-201.12138505696063
-201.12138505696063
-201.12138505696063
-201.12138505696052
-201.1213850569605
-201.12138505696046
-201.12138505696058
-207.53124417193467
-201.12138505696052
-201.12138505696052
-201.12138505696066
-201.1213850569602
-201.12138505696043
-201.12138505696055
-201.12138505696046
-201.12138505696043
-201.12138505696007
-201.12138505696032
-204.720665144701
-201.12138505696035
-201.12138505696058
-202.2391881123975
-202.0737453072693
-201.12138505696066
-201.1213850569604
-201.1213850569605
-201.12138505696046
-201.12138505696032
-201.12138505696063
-201.12138505696043
-203.36140520136522
-201.12138505696032
-204.7206651447026
-202.23918811239818
-201.1213850569606
-201.12138505696015
-201.12138505696046
-201.12138505696046
-202.2391881123984
-204.2331815740086
-201.12138505696026
-201.1213850569608
-201.1213850569606
-201.1213850569604
-201.12138505696046
-201.12138505696026
-201.1213850569605
-201.1213850569605
-201.1213850569606
-201.12138505696043
-201.12138505696035
-204.64590094049132
-201.12138505696058
-202.0737453072695
-201.1213850569604
-201.12138505696024
-204.23318157400956
-202.07374530726952
-201.1213850569603
-201.12138505696052
-201.1213850569604
-201.1213850569603
-201.12138505696046
-201.12138505696052
-201.12138505696055
-201.12138505696075
-201.12138505696063
-201.12138505696026
-201.1213850569604
-201.12138505696043
-201.12138505696046
-201.1213850569603
-201.12138505696038
-201.12138505696072
-201.1213850569608
-201.12138505696063
-201.12138505696055
-201.1213850569606
-202.23918811239884
-201.1213850569603
-201.12138505696052
-201.12138505696032
-201.12138505696072
-201.12138505696058
-201.12138505696055
-201.12138505696046
-201.1213850569605
-202.23918811239747
-201.12138505696058
-201.12138505696043
-201.12138505696012
-201.12138505696058
-201.12138505696026
-201.12138505696038
-201.12138505696004
-206.1108342791161
-201.12138505696038
-201.12138505696046
-201.1213850569606
-201.12138505696075
-201.1213850569601
-204.7206651447041
-201.12138505696046
-201.1213850569601
-201.1213850569603
-201.12138505696052
-201.12138505696046
-201.12138505696063
-201.12138505696035
-201.12138505696066
-201.12138505696066
-201.12138505696038
-201.12138505696032
-201.1213850569603
-201.12138505696055
-201.12138505696052
-201.12138505696043
-201.1213850569604
-201.12138505696052
-201.12138505696058
-201.12138505696066
-204.23318157400925
-201.12138505696052
-202.07374530726977
-201.00987714714466
-201.12138505696043
-201.1213850569607
-201.12138505696058
-201.1213850569606
-201.12138505696046
-201.1213850569605
-201.1213850569606
-201.1213850569605
-201.12138505696052
-201.1213850569606
-201.12138505696018
-201.12138505696026
-201.12138505696066
-201.12138505696055
-201.12138505696035
-201.12138505696032
-201.12138505696038
-201.12138505696032
-201.12138505696035
-201.1213850569606
-201.12138505696035
-201.12138505696052
-201.1213850569604
-201.12138505696012
-201.1213850569604
-201.12138505696012
-201.12138505696032
-201.12138505696038
-201.12138505696024
-201.12138505696024
-201.12138505696018
-201.12138505696055
-201.12138505696058
-201.12138505696035
-201.12138505696018
-201.12138505695998
-201.12138505696024
-201.12138505696026
-201.1213850569604
-201.12138505696004
-202.0737453072694
-201.1213850569601
-201.1213850569602
-204.23318157400882
-201.1213850569604
-201.1213850569601
-201.12138505696035
-201.1213850569604
-201.12138505696046
-201.12138505696058
-201.12138505696046
-201.12138505696035
-201.12138505696035
-201.12138505696015
-201.12138505696072
-201.1213850569605
-202.23918811239847
-201.1213850569603
-201.12138505696058
-201.1213850569606
-201.12138505696055
-201.12138505696035
-201.12138505696038
-201.12138505696043
-201.12138505696038
-201.12138505696075
-201.12138505696038
-201.12138505696024
-201.12138505696043
-201.12138505696046
-201.1213850569604
-201.12138505696024
-204.23124840974512
-201.12138505696066
-201.1213850569605
-201.12138505696038
-201.12138505696035
-201.12138505696032
-201.12138505696032
-201.12138505696043
-201.1213850569606
-201.1213850569604
-201.1213850569606
-201.12138505696032
-202.23918811239835
-201.12138505696063
-201.12138505696052
-201.12138505696046
-201.1213850569606
-201.12138505696052
-201.12138505696058
-201.12138505696043
-201.12138505696038
-201.12138505696026
-201.12138505696052
-201.1213850569606
-201.12138505696018
-201.12138505696035
-201.12138505696035
-201.12138505696015
-201.1213850569605
-201.1213850569603
-202.23918811239807
-201.12138505696055
-202.0737453072692
-201.12138505696038
-201.12138505696043
-201.12138505696032
-201.1213850569605
-201.1213850569605
-201.1213850569604
