-201.12138505696132
-202.7467404368132
295.0420858345918
-205.71451130325923
-201.12138505696126
-207.72357269755796
-204.78004886834609
-211.76486226612852
-201.12138505696126
-201.0098771471448
-208.96075361024404
-202.62172075523617
-201.12138505696132
-208.26559810357656
-202.07374530727003
-204.78004886834606
295.048206882454
-204.1628885464554
294.39675042884545
-203.94772700907816
-202.74674043681344
-202.63753649619494
-202.07374530726992
-204.95973349492957
295.48817531175985
-212.52567982123676
-201.0098771471449
-208.40836501197526
-211.31347838103724
-204.77527691394354
-205.8006904397846
-210.11698653227884
-215.62028839363705
-212.20576788495788
-203.36140520136635
-201.1213850569613
-205.96314038749617
-203.94772700907848
-217.9735262125663
-203.4248615515215
-201.00987714714503
-207.03846371772337
-205.17854165032702
-201.12138505696103
-205.18545749750763
-211.66490952210384
-201.8807272409342
-204.5812777392309
-202.23918811239972
-207.4900773553445
-204.66414342260614
-206.37294593564778
-201.12138505696117
-204.6471963222824
-201.12138505696137
-202.2391881123998
-202.2391881123999
-206.1108342791229
-201.12138505696132
-216.14188304973405
-202.23918811239994
-208.19920095230805
-207.17438408511003
-205.56034765028238
-207.12458311173683
-201.12138505696106
-209.59983307050254
-201.12138505696115
-206.6108002227111
-202.23918811239977
-205.4340930775126
-201.88072724093433
-201.1213850569613
-201.12138505696126
-201.12138505696117
-201.12138505696112
-204.23124840974782
-201.1213850569613
-201.12138505696117
-201.121385056961
-201.12138505696083
-214.49061573588475
-206.69265770054787
-201.12138505696123
-216.5624826542217
-202.23918811239983
-212.58206044455682
-204.23318157401235
-202.07374530726975
-204.7206651447025
-201.12138505696117
-201.12138505696095
-201.12138505696097
-202.23918811239935
-204.7206651447025
-202.07374530727026
-204.9349066788916
-201.12138505696134
-209.80779574095692
-201.1213850569613
-201.121385056961
-202.0737453072699
-201.12138505696123
-204.72066514470464
-201.1213850569611
-211.85471492456082
-201.1213850569611
-201.121385056961
-201.12138505696151
-201.12138505696083
-201.12138505696117
-210.48073646082955
-205.4688067212689
-201.12138505696106
-204.72066514470401
-207.9678907964594
-207.73426101980434
-201.12138505696115
-201.12138505696112
-204.72066514470475
-202.23918811239972
-204.7206651447034
-201.1213850569613
-201.12138505696123
-204.23318157401127
-201.12138505696132
-201.12138505696115
-201.12138505696117
-201.12138505696097
-201.12138505696115
-201.1213850569614
-204.64590094049274
-201.12138505696126
-201.12138505696117
-201.00987714714483
-201.12138505696097
-206.1108342791235
-202.23918811239938
-201.12138505696115
-201.12138505696103
-201.12138505696097
-201.12138505696103
-201.1213850569609
-201.1213850569611
-201.12138505696112
-201.12138505696083
-201.12138505696075
-202.23918811239943
-201.12138505696092
-204.23318157401275
-202.23918811240017
293.4124042342998
-202.83035475431683
294.26777495111537
-207.95768718040472
-206.165112467107
294.54100627630345
-210.0935791123713
-207.80231073200048
-213.42825498827838
-211.84554019800703
-212.06838159657343
293.6282430857016
-201.96426871086058
-208.0314861304448
-205.70000355686557
294.0745206375154
-211.61731459731604
-209.50743324028207
-211.46480779512328
-208.1430318634996
-208.09695906562854
-208.09695906563283
-208.03148613044303
294.03702039628484
-207.95768718040148
291.9495014162828
291.9452851857435
-213.08314216826048
292.1742000148972
-213.91464469926717
-210.8617918233166
-217.57710221329805
-211.17645947036715
-213.9146446992734
-218.51517987070199
-208.19675306968662
-214.0114171984557
-208.14303186350037
292.9929076157367
-214.01141719844884
-208.19675306968415
-209.61877742449312
295.04026650506944
-202.83035475431697
-209.23984495183075
-219.82546484393217
-208.1967530696846
-210.65158646291798
-209.91103910078238
283.90720085615555
-206.3690257033511
-210.77351841471594
-204.71702855366462
-208.03148613044232
291.75539680308606
294.78087162789416
292.1959969597569
-206.41397784725496
-201.96426871086027
294.07452063751686
-207.63019819608434
294.54100627630316
-208.3436630999441
292.1959969597544
292.1959969597522
-219.79266986089834
-209.52722776964916
287.1023151203169
-208.03016845710198
289.7958474681372
292.1959969597561
291.7553968030806
292.1959969597562
291.75539680308884
292.7829906123683
292.19599695975717
292.19599695976024
-217.72659324822735
290.1922718313825
282.0004761141882
290.1922718313884
-208.1967530696855
292.1959969597582
294.54100627630345
-213.93704261941755
291.9452851857547
293.85187090543894
292.19599695975904
290.9734953000741
292.1959969597593
-208.19675306968298
292.1959969597573
292.19599695975825
292.1959969597563
290.6757331573745
-211.82509746880783
-213.43691844946113
293.41240423430213
-215.70602678856426
292.19599695975785
291.75539680308657
285.3130233300441
292.19599695975637
283.45842130814003
292.19599695975813
292.1959969597556
292.19599695975637
292.19599695975637
-222.13565816929085
292.7829906123681
292.19599695975387
292.1959969597572
292.19599695976
-208.34366309994553
292.19599695975893
295.04026650506955
293.6204064039425
293.8518709054379
292.19599695975654
292.1959969597594
292.1959969597585
292.1959969597604
292.19599695975717
293.4124042343018
284.36915063133597
292.1959969597581
-208.34366309994394
292.1959969597621
-207.8727100577993
294.54100627630305
292.19599695975705
292.1959969597594
291.75539680308987
-207.8727100577956
293.0490202449143
-212.75517847500885
294.54100627630214
294.68225279125164
292.1959969597613
-213.65808399566478
292.19599695976035
293.4124042343037
292.19599695976353
292.37228468455515
295.54056672763164
290.19227183138725
-208.3436630999426
-208.34366309994505
291.7553968030912
294.541006276302
-201.12138505696075
285.64992797110335
288.3780017857256
291.7553968030942
-216.32287266667018
288.90292462634727
-212.41979625389513
292.19599695975853
291.7553968030945
-211.95109149667
288.9029246263608
293.41240423430133
292.19599695976194
292.19599695976405
292.1959969597624
289.1876471565265
287.23610816302374
292.1959969597585
292.19599695976314
284.67326166216196
292.1959969597588
292.1959969597589
287.16251752027335
-207.36985252698761
294.267774951117
294.09141232913
-207.4706422180052
292.19599695976626
295.2967766261694
287.1023151203181
292.1959969597608
292.1959969597627
291.75539680309356
292.19599695976353
-202.23918811239918
285.2773442006258
291.9452851857553
292.195996959762
-210.19262819033216
292.7829906123717
-215.20690641476128
-217.0327197162862
291.9495014162974
292.1959969597595
292.1959969597591
292.19599695976
292.1959969597599
289.2895903234368
292.195996959765
293.40464707906676
-201.1213850569604
-210.82933953223733
293.8518709054386
291.75539680309356
293.41240423430395
292.19599695976495
292.19599695976456
292.1959969597652
293.4124042343035
292.1959969597658
289.7958474681634
295.0482068824523
292.1959969597604
293.6102783735202
292.1959969597623
283.93555373750553
294.26777495111924
282.1666986642018
292.195996959765
292.3722846845594
-208.22676388619536
-207.01263759559154
-207.99169063666704
292.1959969597658
292.1959969597617
-212.37155769205808
-203.74859917128524
289.28959032342937
290.19227183139407
292.7829906123743
292.19599695976103
295.5533677590225
-209.78778908255498
-208.22676388619186
288.90292462636495
292.1959969597643
285.960535123092
292.1959969597645
-211.46261299890145
291.94950141630176
292.1959969597637
292.19599695976706
294.5410062763018
-206.37175691429556
-209.25913273560042
292.1959969597656
287.7551076515454
287.3348842133091
-208.1967530696771
294.03685961250363
-202.07374530726975
-214.20462026776502
292.1959969597675
292.195996959765
292.1959969597713
291.75539680309436
284.19788771125155
292.19599695976575
292.1959969597702
294.7808716278927
292.1959969597655
292.1959969597634
291.9452851857665
294.04852943483417
-213.2615032945182
292.1959969597692
288.80348480492523
292.19599695976336
292.1959969597624
292.1959969597685
295.5533677590224
-212.27028583193706
292.1959969597669
288.2932166560627
288.8501938344495
292.99330511710997
293.85187090543866
293.41240423430554
-224.7260173784985
294.5410062763006
292.1959969597644
292.78299061237465
-209.0641346368419
-208.19675306967554
290.0849224160773
295.54056672763227
292.1959969597661
295.31774846124335
288.8501938344556
289.70703754400853
292.2673535933777
-208.19675306967727
-205.51308870299772
282.4348387973763
-208.19675306967454
292.3901740586776
292.7835294074164
294.074520637516
294.07452063751697
-208.1967530696778
-201.1213850569605
292.1959969597656
292.1959969597688
292.195996959766
-212.3109910027389
-212.31099100274636
288.76066548498795
290.19227183141027
-211.85101540241277
-219.6355230515267
292.19599695976615
282.1486106380003
-208.14303186348084
-217.59399960056908
-131.78669840666194
-134.3679359045983
261.4657807065161
294.26558512395474
-294.15137093630494
282.1326791288045
-137.51584447326806
292.33732654701646
-296.4016556372584
-204.1108935882594
-136.60304745403735
293.40464707906744
243.39638182651453
-205.49217168206346
-250.51044320756375
-141.18158123195272
229.57038683808196
293.3995606773991
293.39956067740087
-135.45290737449557
181.4304044889428
-246.2284295485326
290.911783717969
289.379281227788
-208.45406822440958
-230.81356559288074
277.04096294878855
-152.92885755678083
-135.76516820094247
-149.92680899480152
281.78305749617147
-203.36140520136462
-339.26784748619997
-144.05154555926393
290.72652618397814
-236.3108660335883
289.5585628546563
-236.8883503722492
286.17585029540146
294.54100627630135
-281.18948177603954
189.35800131858807
202.87628301464662
260.05809502479764
290.93586536317343
-239.69982610280488
294.7808716278923
-316.5182341249718
294.5410062763022
-319.30550039941966
-225.2052889995052
294.7808716278932
-287.09688044713863
-245.08564253592084
-282.5870193829886
-153.52445955849444
-252.13291023639505
295.31774846124307
292.19599695977155
-234.37924606735353
-340.7217229082898
-229.04787982029583
229.6190668223532
294.07452063751816
-265.53444354252053
291.7384724820049
-207.8378030403057
201.499246960988
293.4046470790712
-234.8161359216773
-201.88072724093374
-149.223297909208
-255.00488878415655
-147.49962669327942
-161.9409314981003
-243.81474196086367
-169.84831633203257
294.5410062763023
291.64720937301973
-207.53190830081152
-325.50893601175324
293.356148269775
-284.94347198407513
294.07452063751725
-212.52685844926725
-348.9290043239295
289.55856285467297
294.5410062763018
-147.35485412929225
187.17229699151167
295.31774846124426
270.68224852411186
-145.3223726635799
-135.96926865830753
-207.7326464066161
-261.3728371636377
145.04596380262478
-228.5989715607718
294.78950820777845
-149.22161747679993
-256.02976087591713
294.98113614513943
295.3177484612434
-295.3404235254562
-354.23335414476907
-331.72691476958823
292.78299061237965
-320.4859771772523
294.54100627630226
263.5136720616494
-218.47154494712555
-289.55215290106446
292.80659226157417
-335.9738028296796
291.7384724820102
-209.13892062453326
-243.32342183463794
-318.92628033182893
-293.04519758524117
-204.1108935882601
-259.6833604387761
-246.64017855705993
-241.04774287712837
262.4577786297134
294.0745206375184
-334.69314027572614
-346.57099872838484
-288.79916302258965
286.0027902532154
-237.5479261969668
-213.06163979379525
-153.11145831707245
-207.53190830080814
240.69510745470194
268.5885555315218
283.7135332431934
295.2967766261667
225.737023429214
292.3901740586805
292.19599695977496
290.89501159053344
292.78352940742235
295.04026650506364
-227.01104874776138
-300.0341146858413
291.3080913962235
294.07452063751754
293.2939661142373
294.5410062763023
295.31774846124296
-318.2951243769328
291.6576134519176
252.4178721677519
294.54100627630254
292.1959969597742
292.390174058679
283.3567563149133
-209.76391178217915
291.9495014163053
292.195996959774
291.4647597741442
291.9452851857727
295.0402665050657
292.19599695977456
294.54100627630226
288.6441882017489
292.19599695977615
294.5410062763026
291.33564690910725
292.19599695977917
-208.14303186347587
-208.34366309992237
291.6576134519152
293.3567641939073
292.19599695977917
292.1959969597785
292.19599695977325
294.3163726462978
292.19599695977706
292.7829906123792
-207.8727100577769
292.19599695977695
292.1959969597783
292.1959969597797
292.1959969597763
292.19599695977655
295.5533677590218
295.31774846124245
292.1959969597771
-207.87271005777725
292.1959969597787
295.040266505066
292.19599695977774
293.4124042343094
292.19599695978155
-208.14303186346902
283.50706841352684
292.1959969597806
292.19599695977934
293.4124042343116
290.9358653631874
281.225363347604
291.15880964214443
292.19599695978064
290.96538183700574
291.4870440129204
295.04026650506376
292.19599695978127
292.19599695977854
295.0402665050641
290.9358653631833
292.19599695978076
291.9495014163123
292.1959969597782
292.19599695977894
293.82977316133827
290.71451273781696
292.1959969597784
294.0745206375192
-208.09695906560444
292.1959969597809
292.19599695977956
292.19599695978127
292.7829906123853
-208.34366309992308
293.4124042343099
292.19599695978445
292.9933051171189
291.33564690911396
292.19599695978116
293.85187090544304
-207.01263759558287
287.65047609321067
292.1959969597806
290.43532231530384
292.1959969597808
295.55336775902134
289.4922342566175
292.19599695977865
-210.557948588948
292.19599695977917
295.31774846124245
290.44868957871853
292.19599695978104
290.00537281765827
292.1959969597825
292.19599695978127
-201.12138505696024
292.1959969597793
290.93586536318816
290.48577160519585
292.19599695977985
294.0745206375187
292.19599695978036
294.78087162789154
294.07452063751833
292.19599695978457
292.19599695978343
292.1959969597788
288.2226189347644
292.1959969597815
294.0745206375193
293.40163084579444
289.7629323850794
-208.77286943702134
-210.20224666341895
292.1959969597819
290.9358653631914
-205.50614059954802
292.19599695978167
291.77196865948486
291.77196865948173
292.1959969597842
292.19599695977666
292.1959969597811
-207.87271005777453
290.9358653631929
292.1959969597795
292.1959969597766
-208.34366309992055
292.1959969597812
-208.71262449713933
292.1959969597812
291.94950141631676
291.94950141631216
292.1959969597824
293.9275389608794
294.36264459535437
292.19599695978525
292.1959969597851
292.19599695978036
292.1959969597808
291.5299178443534
292.1959969597797
292.1959969597824
292.19599695978576
-204.78004886834776
292.19599695978184
291.94528518578244
294.54100627630197
292.1959969597826
295.0402665050624
-208.34366309991296
292.1959969597857
295.31774846124245
292.19599695978155
294.0745206375191
292.1959969597807
294.0745206375198
290.39853701531274
-211.21747657915168
292.1959969597833
292.19599695978394
290.5404140460788
-208.34366309991867
292.1959969597827
292.19599695978536
292.1959969597838
294.074520637521
292.1959969597835
292.1959969597886
292.1959969597805
-208.1430318634651
293.4124042343117
292.19599695978286
292.1959969597854
292.37228468457795
291.7553968031207
-208.34366309991293
292.1959969597834
-208.05471481422367
293.41240423431145
292.1959969597824
292.1959969597841
292.195996959786
292.19599695978604
-205.70396779427082
295.31774846124245
292.1959969597815
292.19599695978417
292.78299061238783
293.41240423431196
293.2939661142394
-219.42090951680694
292.19599695978695
290.5248833823062
292.1959969597849
292.19599695978224
291.30809139623125
290.9358653631915
290.19227183143096
294.54100627630174
292.1959969597839
-208.97855067599338
-208.14303186346757
291.94528518577846
292.19599695978167
291.75539680312164
292.7835294074259
280.87274325045786
292.19599695978474
292.1959969597886
292.1959969597851
-202.83035475431745
278.4634839255284
-208.34366309991628
291.723933739829
293.85187090544406
289.1996360881318
292.19599695978405
289.28959032348274
292.1959969597872
291.94950141631534
292.1959969597847
292.1959969597856
292.19599695978695
294.78087162788995
292.19599695978485
-204.45943327237055
292.19599695978184
-208.3857034050856
292.1959969597891
291.30809139623136
294.7808716278909
287.4176427952862
293.8518709054432
295.3177484612423
293.91862613860485
-213.73347444522437
292.3901740586933
-207.8727100577693
289.6756224526258
295.0402665050645
291.94528518578477
292.1959969597834
293.1196838092068
292.1959969597874
292.9933051171247
292.1959969597883
292.19599695979014
292.19599695978593
292.1959969597878
289.995810115709
291.9452851857831
294.541006276302
292.1959969597871
292.1959969597915
289.63392504186425
294.78087162788887
294.98113614513676
292.1959969597888
292.1959969597871
290.5988575621501
292.1959969597914
-208.14303186346137
-203.7485991712859
-207.8727100577642
-210.30430770869177
295.31774846124154
292.195996959791
292.195996959788
290.93586536319486
294.5410062763012
292.1959969597908
292.19599695978854
-208.14303186346083
292.9933051171239
292.195996959787
290.15562520504756
292.1959969597912
292.19599695978775
292.195996959792
292.19599695978917
292.19599695979036
291.945285185786
294.5410062763028
-201.0098771471443
290.9358653632027
292.39017405869345
294.7808716278905
292.39017405869726
292.39017405869316
292.39017405869265
294.78087162789086
292.3901740586933
-202.23918811239722
292.2673535934009
238.14262991178745
292.3901740586895
292.3901740586907
292.390174058695
292.390174058692
292.3901740586943
292.7829906123896
248.0319550555545
293.85187090544485
292.19599695978684
294.5410062763019
292.19599695979014
292.1959969597899
291.3245760336111
292.19599695979275
290.39853701532286
293.1196838092086
292.19599695978775
292.19599695979133
292.1959969597884
293.0490202449303
293.0490202449301
293.04902024493157
293.62824308570936
292.19599695979036
-214.69271349847665
292.195996959787
292.19599695978786
292.1959969597913
289.5585628546963
-210.640966495298
292.19599695978985
252.8409764008034
294.54100627630163
-207.87271005776324
291.0953365882125
-209.12219686657946
258.36036416591554
291.949501416324
-201.00987714714455
290.192271831452
293.6015669367818
288.6867986175648
292.39017405869515
292.39017405869663
295.040266505062
294.5410062763016
294.54100627630055
-225.8500190330033
291.6576134519186
295.5533677590217
292.267353593395
292.39017405869623
289.7629624368661
292.08116456861285
291.31687139814414
291.33564690913215
290.46594631820744
292.39017405869384
290.9358653632026
292.3901740586933
292.39017405869686
292.3901740586962
294.54100627630265
292.19599695979014
291.50835291258926
292.1959969597955
292.19599695979474
292.1959969597918
292.6687725942665
294.5410062763016
292.19599695979394
292.1959969597946
292.1959969597927
222.00730530965467
292.1959969597946
292.195996959795
292.1959969597919
294.0745206375209
292.1959969597914
289.3277412644866
295.04026650506046
292.19599695979167
-208.48360223330585
290.50310938357586
292.195996959794
-202.62172075523458
-210.37068423229357
292.5617034847927
295.31774846124216
292.1959969597953
-253.7378104383978
271.27507626063976
290.4659463182076
290.93586536320566
292.390174058697
292.39017405869805
292.39017405869913
291.06079816218585
291.31687139814954
291.2356490914601
-208.6831286018509
292.39017405869805
-201.8807272409332
292.1959969597918
292.19599695979406
289.43638451743226
279.9295471757081
-208.14303186345296
-207.87271005776208
292.1959969597924
293.6204064039563
281.53713545355083
292.1959969597971
-208.14303186344858
292.1959969597953
292.19599695979235
292.1959969597915
292.19599695979366
-211.5317253411609
292.19599695979315
292.1959969597961
281.6595838206751
292.19599695979906
292.3901740586966
280.2344748958012
-208.1430318634556
292.56170348479657
292.78299061239437
-203.9477270090817
274.79703350105734
294.7808716278887
294.5410062763022
292.1959969597957
292.19599695979775
293.8297731613407
292.19599695979775
277.4114420486446
292.1959969597938
292.95735357098863
295.31774846124165
289.5585628547085
289.55856285471594
295.2967766261667
-210.2788314650173
262.56777235593574
293.73437258916977
289.94701531839485
289.55856285470935
-209.48854455740818
294.78087162788916
290.59885756216454
289.55856285471043
292.78299061239534
289.9470153183852
280.47186113562583
290.9358653632131
290.96538183703126
-210.16917182003147
289.5585628547173
-210.6409664952779
289.55856285470713
289.5585628547101
-210.44143714529224
294.54100627630123
-210.640966495286
289.5585628547085
289.5585628547243
289.9557403669926
-211.96397518806853
289.558562854712
-208.75590897581586
273.21689549068566
-209.48854455740764
286.39962092490737
-202.2391881123976
289.5585628547187
-211.56039020807543
289.55856285472123
286.6832605421262
289.76351240652843
289.55856285471725
289.55856285471475
-209.5842926168884
289.2698093469662
294.78087162788785
289.5585628547115
-210.64096649527866
261.21906257882625
295.04820688244627
293.8297731613396
-241.5851364642332
288.29687350058
291.2494939267293
293.04902024493896
294.0416082103224
290.00584726213356
-205.45899372369774
281.7494262417145
294.78087162788887
290.0058472621358
-213.0207428782477
288.3142195095179
288.7978407362568
294.0745206375206
-210.51444101522858
-211.04468093709534
295.0270020440473
288.3142195095186
-204.58127773923474
291.26467999302025
288.2968735005757
284.20852529166154
-201.0098771471444
288.3142195095255
285.1822124699269
288.55078776000676
294.54100627630055
288.3142195095278
288.31421950951955
278.12167244196473
286.95218394959716
288.31421950951795
289.3277412644989
-211.39941626387548
292.4471053291185
294.5410062763008
287.1528920323277
288.3142195095136
250.59085353485486
288.31421950952944
288.3142195095256
-223.10963360592467
289.81387152463117
288.3142195095149
288.5507877600041
288.3643977952593
295.3177484612408
288.3142195095218
275.60893735490845
288.36284028007816
288.3142195095162
243.428677276236
278.4374141716442
288.31421950952006
288.3142195095209
288.31421950951915
288.5805977715693
277.9624289147446
279.9540591783086
295.04026650506086
291.09533658822204
288.3142195095186
-210.51444101523424
288.31421950952597
-222.7661961350707
-203.94772700908197
290.0325302983726
-209.28766254582388
285.18221246993255
288.94987415100206
290.03253029837447
-211.04468093709576
-205.5118330912264
295.3177484612404
280.9901692860951
263.72421295193624
288.3142195095173
279.58864364679795
266.37281999787785
276.7877731129034
265.5612007638813
288.36284028007424
290.03253029837265
295.3177484612411
288.3628402800782
288.3142195095224
290.03253029836577
289.1417012684852
294.7808716278888
286.95286996488244
290.0691366022233
276.92547535812827
286.1502270130991
285.83465451612574
288.36284028007844
-203.40517109279997
277.9330151014637
289.6347164574876
289.21961385386373
-210.85852825709702
288.3142195095263
290.032530298368
293.85187090544895
279.1558982809612
288.3142195095245
290.03253029836964
278.4988778765412
294.07452063752044
291.6576134519213
290.2697000914569
290.0691366022209
290.2714533232953
290.0325302983756
290.0325302983715
245.23012389527054
288.3142195095339
253.86963693116758
285.18221246995
286.9528699648896
288.2968735005797
293.7131229514869
-210.04733982502827
-222.56952880403915
254.3117317066884
290.3350619507858
-210.4302609543385
290.032530298371
288.3142195095267
290.6219803131324
290.5248833823359
278.960813041742
290.0325302983761
294.07452063752066
290.6463976602349
-201.0098771471442
288.55078776000266
289.94701531840315
290.28615536782917
276.78777311291776
-213.9233292597259
-201.12138505695958
290.0325302983819
290.0325302983738
240.14315387510499
-209.75646452866158
276.3706765904085
-208.34616520884876
278.98804562369315
287.94862582316074
290.5861516359769
288.3142195095329
295.31774846124114
287.9486258231697
295.04026650505864
-211.48288635194533
285.18221246994335
-203.36140520136166
290.0325302983817
-209.52543132316993
288.3142195095298
291.65761345192715
294.54100627630066
280.5926797749307
294.07452063752265
288.31421950953643
291.7719686594864
289.9470153184075
290.2697000914545
274.75476429696437
294.7808716278883
288.2968735005952
288.3142195095341
294.5410062763021
-209.91056122280975
288.3142195095322
290.03253029838555
-201.96426871086047
286.39962092493164
279.6257629487361
294.78087162788694
290.52488338234326
265.11634864091326
291.7719686594861
290.0325302983855
290.03253029838186
288.3142195095224
290.0325302983767
295.0402665050592
-210.5227807328629
287.2869987038942
288.31421950953
294.54100627629987
288.31421950953137
291.6576134519217
288.31421950953063
-210.52278073286098
288.9029246264769
290.26970009145754
-212.68927347339675
293.5884597727591
288.31421950953836
-217.94213359914264
-227.93663219124568
289.60180330418575
-204.9483268698145
273.50074549211934
287.8509059230844
274.85550461674467
289.9524531875344
294.78087162788825
290.7992041382352
-213.2969841443393
288.3142195095366
295.04026650505926
288.58059777158786
267.1476878481723
290.335061950793
290.7992041382375
295.0402665050604
287.15289203235557
243.6004971080203
295.3177484612408
245.1331767878681
-212.29091888431873
-202.62172075523435
224.74337037027635
288.29687350059794
-253.23334960155216
290.2697000914625
293.049020244946
285.4775051195888
267.68399060035404
277.84701767182145
288.31421950953944
290.65275124601254
224.82772673661452
278.6948774793748
-232.95593551508114
-204.38238334086844
285.4768376105621
279.6106660596655
290.03253029838385
279.34686872716316
267.68645344693823
258.48788526407054
266.3642862738975
295.3177484612395
-210.86587366254403
289.0072931700232
290.0325302983835
288.58059777158564
-210.74529129035164
-233.45464780254957
293.85187090545037
-209.07811670317793
274.9574503869853
288.3142195095408
289.94701531841685
290.26517240655386
292.8019559806402
288.31421950954547
213.5909322208692
290.3350619507952
-222.2119009552832
290.79920413824095
277.63396757951756
289.0051840476284
290.0325302983891
287.41877605771424
268.70163150073665
-210.97668223105939
290.0325302983966
277.66006819479446
288.31421950954905
290.0691366022306
290.58714207814
294.5410062763006
290.0325302983887
290.79920413824
290.03253029839556
290.03253029839095
290.069136602249
290.03253029839567
-227.48240599716445
-238.07016888541756
294.5410062763016
290.3211270588514
291.77196865948264
295.04026650505796
289.8139808468571
290.28615536784014
266.1464866013343
268.4403834428359
290.03253029839306
-234.03380200333513
-222.9413575047771
290.069136602232
290.03253029839027
-201.96426871086058
