-201.12138505696132
-201.00987714714512
-203.24149075913
-202.63753649619525
-206.57633586555036
-212.12406294577536
-202.74674043681324
-203.4248615515231
-211.88329693507688
-203.36140520136627
-211.74445494885086
-209.99636252173926
-211.29391703885673
-203.8056023770026
-210.69175793224005
-201.0098771471449
-201.1213850569612
-202.23918811239977
-207.18176198238012
-201.00987714714498
-201.1213850569612
-202.63753649619494
-205.39853096444958
-206.7120049974402
-204.171271615331
-215.42503134728452
-201.1213850569612
-211.34167046587729
-204.11089358825802
-210.5952109951971
292.60750082416536
-216.65011736982476
-220.63307989202667
-218.37319413276546
-203.80560237700274
-203.42486155152176
-201.88072724093433
295.4717681683584
-202.63753649619508
-201.1213850569612
-207.0469234336667
-202.0737453072705
-205.40154589559427
-205.6903907932405
-212.98032494839921
-201.00987714714495
-211.8115296365791
-205.2374119128819
-204.23124840974805
-203.96616454947502
-216.93756772688076
-201.12138505696117
-208.49589747121834
-203.52980029838574
-206.45579614822873
-202.83035475431683
-207.98112925668323
-201.88072724093456
-203.52980029838577
-227.13860021374768
291.8147234748396
-203.81716142581675
-201.88072724093442
-202.0737453072699
-204.26883651250637
-206.23672236843734
-205.48118286541379
-201.96426871086078
-205.4811828654141
-212.064847262417
-203.52980029838605
-208.36841660563024
-212.8063787580407
-201.8807272409343
-215.6630993122133
-205.4811828654134
-203.36140520136652
-205.4811828654129
-204.5599191582348
-201.88072724093433
-203.52980029838534
-205.48118286541356
-202.62172075523569
-206.63075062371604
-229.6908898987135
-205.48118286541393
-204.55991915823247
-201.00987714714498
-205.2374119128795
-210.58670566133966
293.2144293167384
-202.6217207552358
-201.00987714714486
-201.96426871086047
-205.48118286541342
-203.40517109279847
-211.47175688347647
-203.4051710927985
-213.4639362359974
-221.57399964400173
-208.94604254112426
-205.48118286541325
-207.46669540523465
-205.4811828654139
-212.01108293215577
-205.48118286541393
-203.36140520136604
277.7807526144983
-201.8807272409341
-203.9661645494754
-201.88072724093422
-216.31062230200268
-205.481182865413
-201.880727240934
-212.82546686100798
-203.52980029838562
-205.3585709459883
-226.19590910855825
-205.48118286541347
-203.25067223466885
-225.35874886862166
-201.00987714714486
-203.52980029838514
-208.0233170532974
-203.52980029838605
-205.77475947656527
-205.48118286541316
-205.48118286541325
-205.48118286541288
-203.40517109279804
-205.48118286541316
-213.55913659038313
-206.20679214144033
-203.40517109279895
-205.48118286541336
-212.98746924130802
-205.82523949366666
-206.03585186802232
-205.0230041116327
-205.48118286541342
-205.48118286541373
-205.12608828871294
-205.3585709459881
-201.8807272409346
-205.48118286541384
-216.51793526646227
-205.4811828654137
-206.14984530982886
-211.34167046586674
-205.70578348198035
-211.38387262151457
-205.35857094598742
-206.03585186802178
-205.48118286541325
-207.1225219985765
-201.8807272409346
-203.52980029838554
-203.4051710927983
-205.48118286541265
-209.53723561216884
-205.48118286541225
-201.88072724093448
-205.4811828654129
-205.4811828654135
-205.4015458955943
-201.88072724093448
-205.48118286541325
-211.36310590164908
-205.48118286541353
-201.88072724093436
-205.48118286541325
-205.4811828654127
-205.48118286541253
-205.4811828654121
-205.4811828654132
-202.62172075523637
-262.1807213412703
-203.40517109279793
-205.99265991322883
-212.98639761806893
-203.25067223466874
-209.46867577457564
-204.26883651250608
-205.82523949366708
-205.48118286541353
-205.4811828654135
-203.25067223466877
-230.4264873000336
-211.36310590164604
-205.48118286541273
-211.36310590165
-205.48118286541342
-269.2648912358005
-205.48118286541185
-206.49951298842845
-205.48118286541234
-204.11089358825978
-205.48118286541325
-205.48118286541256
-205.48118286541387
-205.74892889082105
-211.36310590164467
-209.60754787583815
-205.48118286541305
-212.31110007592963
-205.48118286541307
-201.88072724093425
-205.48118286541256
-213.25758247410806
-205.48118286541253
-201.88072724093442
-205.48118286541245
-205.48118286541256
-205.4811828654134
-203.4051710927985
-216.77607200567513
-205.48118286541316
-205.4811828654135
-205.48118286541364
-205.4811828654132
-203.40517109279767
-205.48118286541384
-205.48118286541313
-210.54477152348431
-205.35857094598867
-205.48118286541342
-204.26883651250594
-361.8498226949172
-203.5298002983862
-205.48118286541322
-205.48118286541342
-205.48118286541336
-205.48118286541361
-205.48118286541353
-205.48118286541293
-211.9214769358223
-207.46669540523146
-203.52980029838602
-205.48118286541467
-205.48118286541347
-205.48118286541313
-205.4015458955933
-203.5298002983855
-205.481182865413
-205.4811828654128
-205.48118286541234
-205.48118286541256
-205.4811828654128
-205.481182865413
-205.48118286541276
-205.48118286541285
-204.11089358825913
-205.48118286541322
-205.48118286541356
-204.26883651250526
-205.48118286541364
-212.31110007592858
-205.48118286541228
-205.48118286541256
-205.48118286541364
-205.48118286541356
-204.26883651250594
-205.82523949366825
-201.0098771471446
-203.4051710927989
-205.4811828654132
-205.48118286541273
-219.64383664931378
-204.26883651250594
-205.48118286541288
-205.4811828654126
-205.35857094598737
-205.4811828654124
-205.4811828654132
-205.48118286541418
-205.4811828654128
-205.48118286541327
-213.79001692987225
-203.40517109279824
-205.48118286541353
-205.48118286541305
-205.4811828654136
-212.35153841715814
-205.8252394936681
-205.48118286541347
-205.48118286541245
-204.26883651250623
-205.4811828654141
-212.31110007592835
-242.53921939688445
-205.48118286541361
-205.48118286541325
-205.481182865413
-247.07034282882142
-204.26883651250535
-211.36310590164354
-205.48118286541364
-205.481182865413
-205.48118286541228
-215.1677228539035
-205.48118286541413
-205.40154589559444
-205.48118286541393
-205.48118286541285
-206.33145142853058
-210.54477152348903
-205.48118286541347
-205.48118286541322
-205.48118286541296
-205.48118286541416
-239.17093918745775
-205.4811828654128
-205.9926599132295
-205.48118286541416
-232.70300817587705
-205.48118286541265
-205.99265991322767
-205.48118286541273
-205.4811828654132
-205.4811828654132
-205.48118286541384
-205.48118286541361
-205.4811828654127
-205.48118286541373
-205.4811828654136
-205.48118286541325
-212.31110007592994
-205.4811828654129
-203.52980029838554
-201.88072724093374
-203.40517109279796
-204.26883651250608
-214.79918934239404
-205.99265991322798
-205.48118286541333
-201.88072724093433
-205.4811828654127
-205.4811828654125
-205.48118286541396
-205.48118286541307
-205.48118286541342
-205.48118286541285
-205.4811828654128
-205.48118286541413
-212.31110007592594
-201.88072724093405
-205.48118286541367
-205.4811828654144
-212.67200842196783
-213.49472074630495
-205.4811828654145
-201.1213850569604
-205.4015458955949
-205.48118286541342
-205.99265991322918
-205.4811828654149
-205.48118286541245
-205.4811828654133
-205.4811828654137
-205.4811828654136
-204.26883651250597
-205.4811828654139
-205.48118286541316
-205.82523949366856
-205.48118286541398
-205.48118286541433
-205.48118286541379
-205.48118286541342
-205.48118286541484
-205.4811828654143
-205.48118286541478
-204.2688365125062
-205.48118286541398
-205.48118286541438
-205.48118286541458
-205.48118286541347
-205.4811828654145
-205.48118286541433
-205.48118286541438
-222.42008710991766
-205.48118286541342
-205.48118286541416
-205.48118286541535
-205.9926599132296
-205.4811828654146
-205.48118286541393
-205.4811828654143
-205.48118286541325
-213.05617034894917
-205.48118286541387
-205.48118286541296
-205.23741191288113
-203.40517109279932
-205.48118286541396
-205.99265991322878
-205.48118286541433
-205.48118286541396
-205.48118286541333
-205.48118286541356
-218.9458621343315
-205.48118286541435
-205.4811828654153
-205.48118286541373
-205.48118286541498
-205.48118286541478
-205.40154589559552
-205.4811828654142
-205.4811828654138
-205.4811828654137
-205.4811828654145
-205.48118286541464
-205.48118286541435
-271.9561281651203
-205.48118286541424
-205.48118286541404
-205.48118286541416
-205.4811828654137
-205.48118286541398
-205.4811828654147
-205.358570945988
-205.48118286541387
-205.48118286541361
-205.48118286541435
-203.52980029838562
-205.481182865414
-205.02300411163515
-205.48118286541458
-205.48118286541398
-205.82523949366782
-203.4051710927989
-201.96426871086084
-205.48118286541413
-204.2688365125063
-205.4811828654141
-205.48118286541407
-205.48118286541376
-203.52980029838605
-205.48118286541407
-204.2688365125064
-205.4811828654138
-205.4811828654147
-205.48118286541455
-205.48118286541452
-206.14984530982852
-205.48118286541433
-210.29916436475062
-201.96426871086058
-205.48118286541424
-203.52980029838653
-203.52980029838642
-205.48118286541458
-205.48118286541526
-205.4811828654133
-212.44308160646992
-205.48118286541438
-205.48118286541475
-205.48118286541484
-205.48118286541433
-205.23991621061003
-275.6575995777205
-201.12138505696024
-201.12138505696052
-207.38665345090627
-201.1213850569603
-201.12138505696052
-201.1213850569604
-201.1213850569603
-212.80797843491536
-208.0314861304335
-208.03148613042734
-208.0314861304275
-208.0314861304299
-208.2267638861855
-208.03148613042524
-207.825836158326
-208.03148613043035
294.5410062763014
292.993305117113
-208.03148613043055
-209.15477727119475
-208.0314861304319
-210.5826730067453
-208.0314861304319
-210.79180839939568
-210.91393216744206
-215.07369035578506
-208.03148613042453
-208.03148613043257
-207.9576871803813
292.99330511711287
-208.03148613042893
-215.85958679140708
-211.47251525800377
-208.03148613043012
-212.8695111038029
-211.98560064718393
286.96926773222367
295.29677662616854
-208.0314861304269
-210.73296852974954
-203.2414907591287
-202.62172075523563
292.7829906123756
-211.76940913300692
-208.0314861304282
-208.03148613042612
293.85187090544093
-205.45689714316597
-212.31081551721047
-210.16460158032962
-211.22639680938906
295.0402665050664
295.04026650506506
-211.02371002776317
-211.01265602352444
-212.7350824850214
-207.87271005778015
295.31774846124216
-207.87271005778575
-207.47064221799917
-211.0519731010071
-207.4706422179976
-210.1986879472852
-215.45843618308947
-210.87345175253859
-211.44661881409826
-212.70937043893878
-208.09695906560776
291.75539680310766
291.75539680310516
292.7829906123781
291.7553968031127
-213.65808399564085
295.31774846124296
294.7808716278927
289.289590323465
291.75539680310914
294.5410062763023
295.040266505066
291.75539680310806
294.7808716278926
295.31774846124273
295.0402665050643
291.7553968031109
-208.09695906561757
-211.1601222424852
291.7553968031083
291.75539680310857
292.99330511711395
-207.95768718038383
-207.47064221799576
291.7553968031125
-211.5474838991894
291.7553968031117
291.7553968031128
292.3722846845678
291.52991784434454
-204.78004886834788
294.07452063751754
294.0745206375177
294.7808716278927
294.78087162789177
-203.94772700908024
291.5299178443467
291.75539680310584
-210.40648174998924
292.19599695977627
-204.58127773923263
291.53985475697664
-213.02874289840975
293.8518709054414
291.7553968031083
291.7553968031069
294.07452063751936
291.7553968031113
-207.9576871803794
291.75539680311067
291.7553968031075
295.1778250634186
291.7553968031109
-208.20312895298093
291.7553968031059
-208.09695906561257
291.75539680311215
293.8518709054411
-209.25913273558496
289.8058503962441
291.75539680311323
291.75539680311766
291.75539680311033
291.75539680311323
291.7553968031129
-209.37401953032492
291.75539680311033
291.7553968031101
-207.12141337444822
291.7553968031095
292.99330511711634
291.7553968031095
291.75539680310794
-208.09695906561265
289.1813277615803
286.19778368875296
294.7808716278935
291.7553968031095
-208.22676388617947
291.2788208856978
291.52991784433914
-202.62172075523563
-210.20224666343682
-208.22676388618189
291.75539680310806
291.75539680311084
-208.03148613042023
291.75539680310897
291.7553968031089
293.4124042343078
291.65761345191305
295.04026650506495
-201.9642687108606
292.7829906123795
291.7553968031076
295.04026650506495
291.755396803108
295.3177484612429
291.75539680311346
291.7553968031134
291.7553968031129
-213.12171397848778
-207.95768718037846
291.7553968031142
-207.95768718037823
291.7553968031089
-211.6983255959611
-209.41199187953148
291.94528518576936
-208.09695906560918
288.1373970504192
293.85187090544156
285.3283574897971
291.75539680311437
-219.88970793552147
295.04026650506444
291.75539680311226
291.75539680310766
-207.9576871803762
291.75539680311226
289.1813277615977
291.75539680311573
-207.95768718037831
294.5410062763017
294.78087162789126
295.31774846124245
293.4124042343092
291.7553968031131
294.07452063751816
291.7553968031119
291.75539680311397
289.18132776159086
291.75539680311783
293.82910317511045
295.31774846124284
291.75539680311635
-216.86703886053962
286.3187961505086
293.41240423431094
294.07452063751776
-206.45411677425778
294.0745206375188
291.75539680311044
291.75539680311783
289.18132776158893
291.755396803118
-208.74361762336372
291.75539680311016
291.7553968031149
291.7553968031174
291.7553968031169
291.7553968031141
289.31578694223595
291.75539680311687
293.41240423431174
-208.22676388617344
291.7553968031124
294.7808716278914
295.04026650506415
-207.6452353108176
292.7829906123852
293.85187090544315
289.7958474681921
-206.71481986353584
-206.16511246709985
292.8249262231681
285.2000555741181
291.7553968031174
291.5299178443542
291.75539680311283
291.7553968031175
291.75539680311664
291.75539680311635
-214.0998290729497
291.7553968031181
294.78087162789046
292.7829906123834
291.7553968031181
291.75539680311533
289.79584746819444
-208.03148613041628
295.040266505064
292.7829906123837
-217.91610630813116
291.75539680311766
291.7553968031099
294.5410062763005
291.755396803118
291.7553968031174
291.75539680311596
-208.34366309991913
-207.95768718037365
291.7553968031143
-207.64523531081244
-210.41049432317976
-219.12700636943566
289.2895903234747
288.4524783043919
293.41240423431196
-207.73264640660676
-207.645235310819
291.7553968031188
291.7553968031172
295.31774846124284
291.75539680311863
283.74321086534445
291.94528518577823
-202.62172075523483
294.54100627630294
291.94528518577687
-204.3823833408661
-216.6559399949415
292.1959969597811
291.9452851857758
289.79584746820774
294.5410062763024
294.0745206375173
292.19599695977735
294.0745206375201
292.19599695977934
292.1959969597812
292.1959969597839
-216.29068010339356
292.1959969597824
292.1959969597794
292.195996959781
292.19599695978525
291.75539680312215
292.19599695978036
-203.40517109279943
290.80793343518343
290.9358653631853
-207.87271005777237
292.19599695978576
-207.87271005777268
292.19599695978184
292.1959969597858
292.1959969597834
287.2686811479987
293.41240423431117
292.19599695978496
294.54100627630197
289.39945258421795
292.3722846845753
294.0745206375191
295.31774846124296
292.1959969597834
292.1959969597813
-203.24149075912925
-202.23918811239776
292.19599695978394
292.1959969597814
-216.12946116029372
292.1959969597827
289.0885036855289
294.5410062763031
292.19599695978496
292.1959969597835
292.1959969597886
-216.11412421363508
290.50700220284943
288.3780017857817
292.19599695978286
293.41240423431265
292.195996959785
287.20516451110603
292.19599695978565
292.1959969597834
-216.12946116029934
-216.03537010253444
290.6040596733774
-208.19675306966172
-208.19675306966013
-216.13987715015895
-210.86179182329653
-216.1294611602991
292.39017405868685
-208.19675306966306
-216.12946116028044
292.787126446696
-208.1967530696669
-216.12946116028746
-212.15279325700817
289.7999781349142
294.7808716278908
-215.17973111667177
282.0756722375235
-215.56351598210614
292.9929076157498
-208.19675306966204
-208.19675306966315
293.71312295147993
-208.19675306966496
294.07452063751856
-208.1967530696655
281.6861489853215
285.8580068612242
-214.14199313877901
285.8580068612217
-207.98112925666717
285.85800686122457
-210.86179182329874
-218.21353481118854
285.85800686121644
286.4344868807902
285.8580068612291
-207.58715945892703
285.85800686122144
-217.94427957379932
-217.94427957378576
-220.76994460280812
283.9518275256125
-207.56532770044853
-216.97994291681502
-218.3803888929345
-217.94427957379364
288.0347385025475
-218.0860301049633
294.07452063752
-208.19675306965803
-212.17337084471495
292.78352940742593
-208.1967530696626
-207.92459452455608
291.2416306945723
-208.19675306966212
-212.1733708446973
-211.626820112758
269.1729488537964
-218.08603010494892
-211.72934204982448
294.07452063751924
-210.22925845732183
-207.58715945892564
-215.6743620542348
-216.10891165181596
288.39039417684694
-208.19675306965848
-208.70316205593267
-209.0880260174012
292.3373265470324
-223.69343430922345
286.41325560246986
-213.49863229762724
283.1040556437768
-218.08603010495727
-208.64264922764622
290.6040596733825
295.04820688244797
-215.42193172708798
-218.51443427924644
-217.94427957377346
-212.17337084470657
-207.92459452455006
-205.51183309122325
292.3373265470307
-218.0860301049531
-207.92459452454906
294.78087162789035
-210.0613629478974
-210.31838938174442
-209.920976518498
-210.60510572203845
-218.08603010495617
-208.67181088264385
295.3177484612416
-218.08603010495244
-208.64264922764076
290.6209881822866
-208.73300122503412
-212.9839048006498
-212.77338775811032
-208.7031620559312
-208.70316205592644
-208.7031620559325
290.5958094318299
290.6209881822878
290.5301444854725
-213.5277834484521
290.6209881822835
288.8930129157977
-208.68333405930846
288.88452671967434
288.179548657995
-213.0470181093877
-218.00352159290227
295.3177484612413
-212.2201888569794
294.6054235983943
295.3177484612423
290.56311291988646
-214.863534509364
-209.326479018233
-209.326479018241
294.780871627889
289.9849941747066
290.5958094318342
290.59580943183596
288.89301291579426
294.77843739503834
-213.52778344846624
-208.81161302854952
289.9849941747084
-209.4698555145224
-208.5705523204382
-220.67335602101153
290.5958094318285
-209.131952028071
-209.15206438819763
285.99592856039294
-207.68970973788902
290.59580943182686
290.5958094318297
-219.56398719641138
-215.21387609869927
293.7799904038647
-218.83489093228698
-219.56398719641112
290.59580943182834
288.8143479658705
295.3177484612421
-212.304504656749
288.9030755196213
291.9385079399378
-208.7437111606215
-210.38742307224695
294.7808716278883
-208.74371116062662
293.4848684236022
-212.98348646692963
-209.3264790182353
-211.13697981899924
293.7109777685654
-209.32647901823685
-209.32647901823825
293.71097776856294
293.71097776856266
293.7109777685624
-206.40185101513765
-211.13697981900003
293.7109777685633
-206.3133591283752
-209.3264790182426
295.31774846124216
292.3044172432276
293.71097776856226
-209.99778839974732
294.7808716278893
-219.67009949991814
293.7109777685608
-204.7170285536699
293.71097776856504
293.71097776856345
289.63600014536934
-208.74371116062466
292.3009421434526
-215.48359181888642
288.72124594806326
-218.8955150386458
292.0636375317024
-212.88693072963284
291.24163069458103
-205.1062790320136
-218.3683674056708
-216.34667171723618
-230.32119274084704
-216.25969382945175
290.29309994273615
-210.3206526818582
-217.49220347820264
-219.9127034961023
293.2493436969223
-214.61946700147809
284.6808553926917
-206.8891853222496
294.7808716278888
-218.80135624866054
-214.89441780527977
295.3177484612419
285.3909122190687
285.39091221906443
-208.7437111606251
-209.1520643881958
-215.55730554181935
294.54100627630163
-212.773603811976
292.8111264451078
-215.48359181887722
-202.23918811239747
-215.48359181888637
-201.88072724093328
285.03090657949775
291.63306401412825
-214.89691050905134
-215.76107936579976
292.4525736353136
293.7109777685639
-216.04057602799242
284.96721598748644
-216.98436743418068
-209.32647901823023
-215.48359181888358
-201.8807272409334
-218.79248359225966
-210.80371652994037
-218.14852083883744
284.88843047538734
293.9186261386059
295.3177484612402
-208.68549885930693
-218.33076124947584
293.9186261386076
-215.38052614835033
285.0660949456697
-215.4835918188886
-217.2911841475307
-215.48359181888182
-215.483591818878
-215.48359181887363
293.9186261386059
-218.1607189948961
-215.42465382954038
293.9186261386073
-215.76107936579257
-234.51369761583948
-217.23028127734398
-215.7610793657976
-205.45689714315105
-203.24149075912885
-215.48359181888017
-215.70405988047509
294.7808716278892
-212.51841498724335
-215.4835918188785
284.96721598749036
-215.3559710256012
-218.55332303977377
-213.7931638444207
-215.38052614835664
-215.4835918188841
-215.48359181887335
-213.58500897058977
-215.7610793657841
-215.48359181887173
-216.63829126366915
-215.5573055418111
-218.18863865371202
282.51401818113925
-217.4163881032612
-215.48359181888296
292.46649416708414
-223.6566184753689
-215.48359181887975
-215.41784407506668
-218.66600710993237
-216.63829126366537
-218.53928670537184
-219.05714825370197
-204.4594332723704
290.9436147486147
291.1875256612454
-241.24911194870174
-220.49788346839526
293.7109777685632
286.4658061339754
293.9186261386068
-205.86049003100945
290.94361474861745
293.7109777685642
290.9436147486164
290.94361474861626
-220.49788346841183
295.040266505061
292.40593999103095
-203.94772700908186
290.9436147486157
-207.12199374453883
290.9436147486174
290.9436147486166
-209.28432793638308
-215.4835918188696
-218.966471479279
284.88843047538796
290.4462375068775
-215.48359181887702
295.0402665050609
293.71097776856413
295.0402665050605
293.7109777685633
-209.9208823155132
290.4462375068894
-205.67388186425762
293.71097776856453
-206.5165996713357
293.7109777685619
287.3361070730176
293.7109777685645
293.71097776856595
284.9197121169211
293.7109777685659
290.9798973742631
-215.48359181887494
295.5533677590207
285.78047859938255
-217.29118414752097
-212.25265210313407
-209.48059768069342
285.7804785993602
293.91862613860525
285.780478599362
293.91862613860684
284.66764227819107
293.91862613860445
292.6030741986786
285.0903560333797
292.82492622317045
292.45257363531874
282.59607277725456
285.06050251434425
286.27754731195586
293.91862613860627
-214.93949748566544
-211.77115775892318
282.4666513226316
288.1662840737477
-208.15966627207658
293.7109777685622
294.7808716278888
-203.94772700908248
-223.73981122518856
293.7109777685626
-215.41002206615178
292.45257363531766
285.0605025143481
291.0247837500767
293.7109777685646
-205.67388186425612
-206.01223981206545
-202.07374530726904
293.9186261386079
291.02478375007837
293.71097776856374
285.78047859936197
285.0605025143389
-206.8317409890952
-212.03012471961517
293.7109777685651
294.780871627888
293.710977768564
-212.692138103511
293.71097776856345
-206.8593784833257
293.71097776856453
292.4942892698706
-206.36033429727436
-208.5851241682823
291.02478375007445
282.0024084461439
291.4908862421889
284.61509660983086
295.0402665050589
-225.45653598575115
-207.87741105759147
-209.0201026257283
293.48486842360285
293.71097776856277
291.02478375007917
291.02478375008053
292.2970710276869
286.6503346421559
292.45257363532016
291.0247837500796
291.02478375007723
291.0247837500763
291.02478375007564
-206.94693179911047
291.48704401294594
291.52991784437836
291.02478375007956
-208.22676388615008
291.75539680314245
-208.74290687880193
291.7553968031407
294.07452063752044
-206.57850832723483
292.993305117133
294.07452063752066
295.3177484612404
