-204.70501152185665
-202.07374530727026
-202.07374530727037
-202.23918811239983
-205.62910422428962
-201.00987714714483
-204.4510916351514
-202.2391881123997
-201.0098771471448
-210.518935382459
-202.07374530727026
-210.95985886719367
-204.95499968761862
-204.17127161533125
-201.0098771471449
-207.36396688012834
-202.07374530726975
-203.36140520136684
-207.14352812172316
-201.9642687108605
-205.97306735263078
-206.91442203426445
-208.3089066195121
-207.98112925668474
-209.7273502069575
-201.96426871086044
-202.23918811239975
-210.7911162663702
-204.23318157401187
-202.23918811239994
-202.23918811239994
-213.18849869375617
-210.38664038924466
-204.7206651447048
-212.70429252459704
294.9746322685627
-209.05766982704787
-205.80069043978398
-212.7221454043783
-211.4041857591807
-209.894568535986
-203.36140520136604
-204.78698588843253
-203.97384130040365
-202.6217207552359
-205.1062790320197
-207.9755677746022
-206.56650257818757
-210.79974845626086
-206.56568159953946
-204.56701587239098
-205.800690439784
-202.23918811239972
-201.00987714714483
-211.8130926458791
293.67273654507414
-201.96426871086044
-203.9738413004032
-202.07374530727014
-207.67149136407036
-202.23918811239994
-211.78664058027002
-211.5102139319723
-202.23918811239955
-201.00987714714478
-203.36140520136584
-206.76165440343667
-202.23918811239977
295.0338259481174
-207.77813076300632
-202.07374530726983
-209.64592844309934
-202.23918811239997
-206.42902527824904
-202.0737453072697
-205.8006904397838
-208.10595725421507
-209.03148179112765
-205.80069043978406
-208.2474605905038
-206.3865418791046
-201.00987714714483
-205.80069043978236
-211.75633320366063
-208.41063468904355
-203.96616454947502
-201.1213850569612
-201.12138505696132
-202.07374530726975
-214.4686514784991
-205.80069043978315
-202.2391881123996
-202.0737453072699
-209.41177261005555
-213.16741993219767
-202.2391881123996
-202.07374530727003
-201.00987714714486
-206.3425991841346
-206.71200499743844
-209.44272355859604
-208.3087099900322
-204.7793884895883
-210.41087881898088
-208.39426762847899
-205.10627903201888
-202.07374530726983
-208.27514434936165
-205.1062790320193
-205.80069043978298
-207.07480059814236
-206.9613152366534
-210.10909633347677
-202.23918811239935
-210.2567785511001
-208.23085733200077
294.07452063751464
294.7808716278953
295.04026650506864
-206.61852600920267
-213.9562353290039
294.541006276302
-207.82583615834244
291.89507715368933
-210.2151569174098
-212.4156481830528
293.8518709054356
-211.27528521393776
-208.1089267543243
293.3995606773924
-207.95768718039963
-208.22676388620349
-208.03148613044277
-211.37531278742438
-206.4541167742694
293.85187090543536
-212.3821219396697
-210.58267300677346
-208.03148613044786
-208.03148613044795
-208.0314861304434
-206.94693179913833
294.07452063751504
294.54100627630163
-203.36140520136627
-208.03148613044414
293.8518709054358
295.04026650506773
-209.24130601910494
-213.08343319928207
-211.5736480210935
291.35462570728015
-208.75182023281687
-207.03778868890146
292.3009421434478
291.43831998185397
-206.4633085497222
290.03253029829045
-208.34366309994982
-208.62934090708782
294.5410062763027
-204.7800488683465
-208.7999079123774
292.68197699014826
-207.82583615833997
293.4124042343003
-213.37497595872918
-208.33800906912816
-208.0314861304446
-208.16898503929968
-208.0314861304456
293.85187090543775
-207.9576871804016
-207.64523531083964
-207.64523531083748
-203.24149075913002
293.2926989712566
292.8249262231634
-204.58127773923087
-208.07712762891543
292.78299061236646
294.780871627894
-205.60506625270074
294.78087162789444
292.78299061236424
292.4525736352966
295.04026650506927
292.7829906123653
292.78712644667525
292.7829906123654
292.7829906123651
-207.0464895081548
-206.6273495245255
-206.8298870355198
294.78087162789313
295.31774846124455
292.993305117104
292.99330511710394
292.9933051171048
294.0745206375148
292.824926223162
293.09801285123297
-206.67193342595303
293.4124042343009
292.2953650409221
293.8518709054362
293.8518709054379
-206.7148198635461
294.5410062763034
293.41240423430037
293.85187090543667
293.8518709054377
293.05845718738925
-205.70000355686642
294.0745206375159
-206.98445409410778
294.0745206375153
294.54100627630254
294.5410062763023
294.0745206375154
293.85187090543656
294.54100627630226
-206.76962689055432
294.54100627630226
294.5410062763032
294.54100627630356
294.54100627630254
294.54100627630277
-207.9983353363506
-205.1854574975075
-207.02011088246272
-205.18545749750805
-205.7296633887056
294.316372646298
-257.554651044404
294.54100627630316
-205.1123747994709
-206.37554528335565
294.5410062763019
-205.74892889082096
-206.6435329238627
294.54100627630305
294.03702039628433
294.54100627630237
-206.37554528335764
294.0745206375169
294.07452063751634
-205.18545749750743
294.31637264629853
294.5410062763029
-206.06589575179885
-206.98445409410596
294.54100627630146
294.541006276302
294.5410062763035
-206.57850832723588
294.07452063751555
-206.57850832723534
294.0745206375156
294.5410062763027
-206.57850832723688
294.0745206375144
294.0745206375152
294.07452063751725
295.0402665050673
294.074520637516
-206.9774628834464
295.55336775902356
294.07452063751646
294.07452063751526
-207.1057143973053
293.09801285123257
294.0745206375166
294.0745206375157
294.5410062763013
293.85187090543724
-205.4015458955939
-207.6295633323725
295.31774846124534
292.9991962711853
293.4929260541477
293.8518709054369
294.07452063751606
-205.95147056516686
-205.11237479947098
294.07452063751714
-206.55430851458135
294.0745206375149
294.0745206375156
294.07452063751686
-207.04430388010874
294.07452063751714
295.04026650506773
-205.70000355686608
294.07452063751657
295.0402665050689
-207.11929457540057
294.07452063751657
-205.77475947656413
293.82458304704966
294.0745206375157
294.0745206375159
-207.1895705672297
294.0745206375165
294.07452063751634
293.6348344249581
294.07452063751526
294.0745206375166
294.07452063751623
-207.189570567228
-205.74892889082153
-206.76962689054844
-205.74892889082167
293.71097776855873
294.54100627630396
294.0745206375168
294.07452063751765
294.07452063751674
294.0745206375165
294.0745206375171
294.074520637516
293.68697693303284
294.0745206375175
-205.7489288908214
293.82458304705136
-206.98445409410382
-201.00987714714464
294.5410062763026
294.0745206375169
294.074520637517
294.07452063751714
-206.79737705449654
295.04026650506785
-205.7000035568651
294.0745206375164
294.0745206375172
293.9186261386082
294.5410062763035
294.5410062763026
294.0745206375173
-206.7973770544945
-204.11089358825865
294.0745206375175
-202.83035475431714
294.5410062763021
295.5533677590227
294.54100627630254
-206.5543085145847
-205.4589937236962
294.0745206375162
294.056312277842
-206.37554528335636
294.78087162789353
-205.3272547163888
294.5410062763011
-206.79737705449526
294.54100627630356
-206.37554528335073
294.0370203962839
294.54100627630265
-206.75123450584815
-204.50235538848963
294.54100627630356
294.5410062763025
-206.76535726973674
295.31774846124387
294.54100627630146
294.54100627630254
293.29269897126045
294.5410062763016
294.5410062763011
294.5410062763015
294.54100627630237
-203.52980029838557
294.3626445953559
294.780871627893
294.78087162789313
294.54100627630197
294.78087162789285
294.7808716278927
-204.58127773923158
-206.63677293378905
294.7808716278918
294.54100627630237
294.78087162789325
-203.5298002983864
294.7808716278935
293.5865371424469
292.67717573454746
294.5410062763019
294.78087162789416
294.5410062763013
294.780871627892
294.2677749511184
294.5410062763013
294.780871627893
294.78087162789353
294.7808716278936
-203.5298002983861
294.78087162789285
294.78087162789245
294.78087162789217
-204.11089358826013
293.7109777685577
294.54100627630254
293.7109777685602
294.5410062763031
294.5410062763024
294.54100627630174
294.54100627630197
-204.11089358826007
294.7808716278931
294.5410062763013
-203.52980029838625
294.7808716278936
294.7808716278925
294.037020396285
294.7808716278931
294.7808716278926
294.4008945252655
293.71097776855885
294.7808716278943
294.78087162789376
294.7808716278938
294.5410062763013
294.5410062763023
-205.71451130325673
294.54100627630226
-203.52980029838548
294.78087162789313
295.0402665050654
-201.88072724093374
294.54100627630197
294.54100627630146
294.78087162789257
294.54100627630174
-205.4921716820632
294.780871627893
293.8422005527696
294.54100627630174
294.54100627630135
294.7808716278922
294.5410062763009
294.5410062763019
294.5410062763007
294.54100627630095
294.5410062763021
-205.51308870299758
295.04026650506574
-205.51183309122024
294.54100627630123
292.9509450289167
294.54100627630237
294.54100627630186
294.5410062763009
294.54100627630083
-205.51308870299897
-205.50614059954725
294.5410062763014
294.7808716278919
-201.88072724093385
-205.51308870299746
293.9186261386076
-206.71154121056313
294.54100627630277
-205.4589937236986
-205.51308870299812
294.54100627630095
-204.78004886834742
294.541006276301
294.5410062763012
-206.98802080103403
294.5410062763024
295.31774846124375
-205.5130887029975
294.25735700367426
294.5410062763014
293.9186261386065
294.54100627630123
294.541006276301
-205.45899372369954
-205.5118330912194
-206.76535726973796
294.541006276302
294.54100627630186
294.5410062763011
294.54100627630083
293.71097776855714
294.54100627630174
294.5410062763016
294.7808716278926
294.54100627630027
-205.458993723698
-202.07374530726975
294.5410062763015
294.5410062763019
294.78087162789274
294.54100627630226
294.7808716278918
294.54100627630186
-205.51183309122072
294.7808716278928
295.04026650506586
294.03702039628524
294.54100627630135
294.3626445953577
294.5410062763013
294.5410062763014
294.5410062763016
293.89042455272175
-205.95147056516518
292.89080224487446
294.54100627630186
-205.4589937236978
294.54100627630135
294.5410062763018
294.54100627630146
294.5410062763016
293.2884587894366
293.0516079685045
294.54100627630197
294.5410062763018
-202.83035475431723
294.54100627630055
294.5410062763026
-206.5543085145754
294.54100627630174
294.54100627630254
-205.50614059954782
294.5410062763016
294.54100627630186
294.54100627630146
294.54100627630226
295.04026650506626
294.5410062763024
294.54100627630163
295.04026650506484
-205.49217168206263
294.5410062763022
294.5410062763012
293.8904245527208
294.5410062763025
294.5410062763023
294.5410062763026
-206.1902759594197
294.5410062763011
295.31774846124256
293.71097776856004
294.54100627630135
294.54100627630305
294.5410062763027
294.54100627630305
294.5410062763018
294.54100627630265
293.8028011701956
294.54100627630186
294.54100627630237
294.5410062763014
294.5410062763016
294.78087162789274
294.5410062763024
295.54056672763045
294.5410062763011
295.0402665050659
293.58653714245065
294.5410062763029
294.54100627630197
294.5410062763014
294.5410062763026
-205.51183309121984
294.04160821032497
294.54100627630123
294.54100627630226
294.54100627630226
294.5410062763023
294.54100627630237
294.5410062763035
294.54100627630163
294.5410062763026
295.04026650506404
294.0745206375188
294.5410062763015
-206.3755452833502
-205.51183309121996
294.5410062763024
295.04026650506495
294.54100627630226
293.71097776856027
-206.43339108894983
294.5410062763023
294.54100627630294
-205.49217168206246
293.918626138607
295.0270020440524
294.54100627630095
295.0402665050653
-210.16051535954395
292.81212210765926
-205.50614059954776
294.54100627630174
-205.51183309121947
295.04026650506626
-205.458993723698
293.5865371424511
294.54100627630226
294.54100627630186
294.5410062763017
294.54100627630055
294.5410062763016
294.54100627630123
294.3163726462965
294.54100627630135
-206.12463100327486
-206.37554528334738
-206.476659937183
294.5410062763018
294.5410062763021
294.541006276302
294.54100627630254
294.07452063751776
293.2884587894393
294.54100627630106
-205.51308870299843
293.2884587894386
294.541006276302
295.31774846124324
294.54100627630197
294.54100627630186
-205.51308870299817
294.54100627630226
-205.45899372369774
-204.5812777392336
294.5410062763026
294.5410062763026
-205.50614059954736
-207.22098869509534
294.5410062763023
-205.49217168206187
-206.64892472675587
293.23783540850195
293.7109777685612
294.5410062763022
293.288458789442
294.07452063751845
-206.73273542134615
294.54100627630265
294.5410062763008
294.98113614513755
-205.93990451900444
294.54100627630163
294.5410062763017
294.5410062763016
294.9811361451378
-201.00987714714455
294.9811361451363
294.56427161778595
-202.23918811239807
-206.00174227186187
294.98113614514017
294.7235240461025
-204.9687421654632
294.9811361451376
294.7235240461041
294.9898574287391
294.7235240461033
-202.74674043681367
-205.45689714315282
-205.45689714315165
-205.45689714315205
294.83065417119803
294.7235240461031
-205.94301169536826
295.2007961523884
294.9648483298861
294.723524046102
-201.96426871086075
293.531453796987
294.78087162789086
293.9186261386049
294.78087162789143
293.75765954895076
-201.96426871086095
-201.88072724093374
293.99825772813193
294.56427161778856
294.7235240461016
293.3719462641492
294.7808716278911
294.7808716278921
294.7235240461016
293.68864769788144
294.54100627630305
-205.93990451900288
293.7511908483239
-205.93990451900618
-208.01091536707025
291.80364757710333
-205.93990451900746
-205.45426988304985
-206.1651124671008
-205.45689714315498
294.7784373950409
294.5410062763022
294.7808716278913
290.4792073761415
294.7808716278905
294.78087162789177
-203.52980029838653
294.7808716278907
-205.45689714315174
294.7808716278909
293.4560163309045
293.6886476978798
294.7808716278911
294.7808716278911
294.2404888995226
293.89042455272397
294.78087162789063
-201.96426871086044
-201.96426871086064
294.54100627630186
293.68864769788416
294.5410062763019
293.2905869866793
-164.34001250224262
-241.1013742777463
-205.49217168206349
294.2112342050026
-208.31611188960102
-201.0098771471445
284.6847883208815
-236.06298613971956
-282.9845713321291
-256.3405748687956
294.240488899524
-215.35516967626916
-226.01980270972285
287.7980021072871
255.28882009356744
272.3110242654679
292.11363409967043
236.28471689469237
-206.26189350829884
-227.50063193528106
-215.51778799115613
-213.9884255318923
-201.00987714714446
264.6283610792199
-240.4596498286129
-215.5177879911778
-228.7146817181325
-201.00987714714438
-239.08245883522426
-205.73745058879655
-208.21484924132574
275.98169963173723
-226.44069468406883
281.7272668808272
-215.05313433218245
-205.73745058879462
281.24377516975903
285.515104843274
218.53210481368367
-215.92369403471275
-253.07916205602922
275.98169963176133
286.49067755810125
286.49533422062814
-220.99760894231576
-218.38195290769121
281.59678662177396
-221.3932405542579
-232.9714064569984
-223.71266369738524
269.22597290008
293.4035223886168
-265.4841103794216
-218.38195290769272
-201.00987714714455
-220.5984769216547
-204.64590094049214
-232.26180864604441
-235.940926385488
281.5338168241467
235.33311352235296
-285.7560209978529
-215.03548605328845
-244.75815032937302
281.6942498576916
-213.0865232842709
-201.00987714714452
-290.2879394504182
-232.0631546362479
-222.26202005062598
-285.8963935783701
-233.21505274346475
-201.00987714714432
-218.0595826896994
-218.46060914387874
-218.39671175492475
-218.46060914386896
-262.6561023372091
-201.0098771471445
262.42330386579647
-275.9993012660612
-218.46060914387897
-254.6127657934595
-204.64590094048802
-233.05270289799176
-320.28035864994513
-274.3984285278391
285.6438573137936
-215.35918195727842
-286.619302209186
-215.35918195727407
-256.53128331559856
-276.39470166113927
-283.3103426176051
-217.10042115260993
-190.46008607013735
284.4387150011696
-220.91016098995638
-217.9798887868011
-215.35918195727515
-208.29448747562267
-262.116028368227
-279.30987069419456
-329.8066052624423
-338.02257337947026
-228.73113045348242
-255.7121609824094
-289.34284333230846
268.4447523305136
-285.44899693699614
-268.7330766485586
285.64385731378366
-209.23187382677168
-215.35918195727348
237.65918929201925
-246.6930311631296
-221.8587643934508
-229.59743105075611
-257.0038342515662
-221.61633451772823
248.56439192431293
-281.0292572521318
-340.9176581770689
-268.2879330230457
-236.4858567987037
283.4254205149854
-257.04226306653885
-271.76776667329244
-240.26769516540838
262.50280880756117
-239.40868040391507
-257.6882951049534
-245.88561524794034
-235.1786925680252
-262.9171598196602
-238.8070412021267
-218.35882715826187
-219.70656220453859
-246.14625269947163
-235.81951958076175
-220.66057904330242
-227.55449052770666
161.465440573205
264.25572785825074
265.4528958830401
280.30023609962456
246.35261328731588
-245.2095898100324
-247.4904193953745
265.72710829681273
-215.54011169582398
-248.55848417387165
-236.4762960283812
-266.71155777865494
-215.45367656075115
-233.4123191402678
-247.07772419743424
-225.16218556198996
-246.5747185727767
-262.57696985225067
-244.224213509531
-271.55348486940545
-227.62334408753537
-217.60196843920937
-216.60353719086282
-217.13414168877918
-230.9315141268334
-215.1014940917464
254.69367604030177
-234.48929808812755
-211.31627344560064
-247.66902792126413
-249.02099284683274
272.8425580529039
-236.5437512109542
-308.5015281142904
-227.92043282888307
244.25539695013657
-246.73045491921098
-251.41468228590313
-276.7437188912915
-155.30233984537853
-228.87778628257433
-230.1123049318786
-222.44610784663678
-281.9125453356649
-225.30880280180457
-319.0082925882921
-173.8794467319707
-268.70354838319827
-254.69229249727965
-233.7150056272788
294.0323307024028
-216.69179041063018
-228.4088109986458
-249.18431841472295
-232.1248566251111
-207.5871594589263
-249.77130078360938
-225.1648185193967
-208.80122248993032
-230.0773231734059
-238.53855876414028
-217.70723368228659
293.217421093441
-225.3117590790809
-258.73533083838146
260.3467462142826
-287.5687464726279
289.74140964727684
-235.36783875406292
293.7797837599401
-211.68348380417555
-216.6917904106294
-207.58715945892683
-247.27483119352698
-216.35847588848338
-230.25059359306147
-218.54462326490668
-216.6917904106334
-215.3591819572673
-229.4094104556466
-211.3162734456012
-207.58715945892413
-224.3432230980861
-216.72338174461555
-199.27921609633972
-258.5852883521715
-240.35611809724335
-262.190349740565
-320.5802175913564
-216.89337715095294
-217.2966491780387
272.4096805184407
-231.0527477604877
-216.89337715095115
-212.13291754891551
-215.35918195726362
-215.35918195726504
-252.70972479699816
205.44906419952162
-216.89337715096457
-248.4853223668647
-201.00987714714432
-308.687292719617
-229.26111511784904
-238.76380533013727
-218.09320190281971
-340.96823374424105
-215.35918195726464
-211.15553888900791
-217.97728135532768
-217.44430384037034
-218.71071570292256
-215.35918195725804
-251.53608328142013
-319.5905165668177
272.8646122729183
-228.0650515995702
-273.27052275045264
-257.60428172448707
-230.61925470998113
-231.54005023948935
-208.2944874756161
-228.2294965444994
-228.53726379042922
244.28576647444152
-220.38768305657857
-239.5167277980361
-267.5598764557836
-230.77478570519025
-217.68490239415453
-231.15203943695056
-227.46854002891743
-229.42234177924834
268.61295979250383
-227.73426651336183
-226.1926465262407
-211.50165685447297
-264.73757028892624
-268.36810865924247
-286.54917407579705
-231.8462701523465
-227.10479147053414
-212.21396022209626
-217.68490239414896
-237.319252436224
-230.6042791420977
-211.5016568544741
-232.6553939551987
-329.8946391097292
-230.94533671521359
-202.6217207552344
-236.39355536384156
-223.6982073879395
-260.27887488026414
-216.79095162345772
-242.1593285182147
-217.32583254536917
-230.97583127607837
-259.2775232088956
-219.13450898929833
281.0441869226161
-226.51062146073497
-231.6466499420024
282.0113666476607
-215.38523831868503
-216.3212338234089
-240.7246930619993
-217.00148183321676
-221.31396612315885
-274.0571891732572
-277.27288229406065
-249.07505550597443
-227.3573316160735
-254.33694711113796
-232.62279968772083
284.42907738954995
-253.81677729751982
271.46286677402304
-320.40250936978197
-249.68622035405434
-219.09128340273665
-219.5767403201701
-233.48538440512164
-261.8755087228058
-211.501656854472
-211.4605311992782
-225.4058180519666
-215.82416351534488
-249.17470992251873
284.4026253720702
-220.2167411038174
-247.79713100364722
-273.91351272458076
-211.50165685446564
-246.22991978620115
-235.02411036985265
-230.02752765542667
-215.89285260976203
-212.5082515838128
-236.16262302469215
268.45854064149677
-235.46233463073952
-212.50825158381073
-220.02771174269142
-238.05087613142263
-251.31048185998827
265.26446732000954
-248.20710987735512
-222.31445106690262
-235.46233463079432
-224.91948568766702
-220.51926831748364
269.2375517328834
284.42324082956856
-242.62756501944693
-220.0307754496563
-258.67430972097344
-220.81163863995224
-215.62490859983
-236.48729602557947
-215.8241635153326
280.6514125026554
-211.46053119927393
-285.61058429382587
255.82211605133992
249.1150845796743
-214.8746871898127
-250.6761179836413
-218.25137501433267
254.7057493005413
-231.43618288223146
-230.11199602135943
211.7874483278705
-219.57674032017417
-285.5188901471597
-233.24064566575757
250.3496146963538
-234.0170873390569
-215.82416351531438
-308.42896262686367
-215.82416351532717
-220.4322100310585
-204.6459009404876
-218.52596503111315
-233.87393381168306
-230.5835436979071
-232.86604272988302
-244.94277947223623
-229.17016986901393
-215.14198137035137
-231.1966507589156
-241.72294786077032
-294.4199331644132
-310.2710117618317
-243.4456527113929
-215.82416351533675
-261.95385625471783
-216.39050314988089
-219.91906167614889
-225.10274776899325
-222.77404919282034
-251.14308875301788
-219.8507415771682
281.5395121506486
-212.11566556958996
-215.82416351531793
-264.44261977065815
-238.71640871715948
-218.45361571787726
-254.05327208352088
-221.33673884178572
278.4078019699319
-221.5211040554118
-242.3976197177119
-230.06791165202824
-217.86444159927942
-315.3612038532938
242.30353246109115
-241.54305978672375
251.96579675177088
-228.32078111458515
-218.11432010735888
254.7367892678535
-343.5416361602677
-250.09155614078503
-227.48463933265745
254.49531527766123
268.9017995817122
-219.23153937616195
-205.2859242602602
280.57644024310883
268.01785002254985
-269.5740849807777
-246.10074337489118
-211.50165685446603
-269.8809559442708
-231.2754281772149
266.4108621422499
-215.82416351533942
-219.70434643745722
-251.5628457453472
228.035892983214
-229.948555509798
-262.71911243570025
-216.81482732796735
-219.88832461926881
-216.79182942936976
234.45254249359613
-229.16235263234088
-237.40836558952185
-242.1533846992437
220.8745250235962
266.0975604147492
-201.88072724093297
254.70421622079445
-225.0424591578833
-224.1052339927523
-224.75958046380256
-209.3120132318296
-218.85202440253903
-211.8093368712051
-230.94533671521646
-244.49695497505994
-258.4386233340665
-250.6553262521566
-220.06670243950995
-259.6743936560776
-219.52907201283645
-218.62594672503727
260.264517432254
-218.91128219582833
-201.00987714714418
-201.00987714714438
-258.834693717085
-229.52111209242
-233.79002529675864
-359.9384969687706
-232.821456212427
274.9091800841127
242.05784604330984
-218.50690703415432
-227.4863657491274
-202.62172075523475
-239.19784878328898
-241.4677171186782
-201.00987714714424
-213.75718470856887
-244.44570117871763
-218.50690703418502
281.4922814475399
-220.1087133676763
281.49228144751766
203.07983931175855
269.96084553472673
-236.29538081215398
281.492281447562
266.09756041475316
281.49228144752163
-236.44323087718556
-201.88072724093317
-253.2698707683349
-217.70451966294635
-306.139226451712
-201.88072724093303
280.95920734100673
-289.9503688068715
281.73964041756255
281.492281447527
-277.38275691697993
-219.28463127937323
-211.84268661749493
-215.4075858176162
263.1955223387345
-240.3850761800192
293.0250493929605
281.4922814475305
-219.7357988605669
281.4922814475382
289.2789647159193
-207.25209492817825
255.61810056559608
-239.31074444215415
-202.62172075523424
-218.46895708473434
-215.82416351531586
-215.4075858176021
-269.99630448166545
-228.7612809184286
281.4922814475537
-236.5154935069442
-227.67063886748048
-244.38282883509763
-240.57041161810133
-292.55720062192995
292.8317696995185
-221.88000530553649
274.88364521670235
-225.2717823334086
-216.8083187120892
-280.55647288342846
281.49228144753766
-227.35733161606385
294.2351564417493
-218.76551302559648
-220.8420153499665
-229.0416483504427
-217.53800554172284
-211.71986284670393
-211.8426866174791
-231.48969590137614
-272.6626976138246
240.29712745043798
-213.55230802032935
-221.95976971028335
-211.71986284669606
-201.8807272409329
-234.0035807061853
-220.81375947509065
281.4922814475293
285.9079474067097
-297.1328045799541
-212.11405625822377
263.17737629189577
288.00065814756505
-201.12138505695964
281.4922814475589
-236.10667203922532
281.49228144755733
-235.7660345374401
-235.9769614040149
-221.88245232215394
263.3117711211588
266.57452775789415
-225.92701284526308
-229.73286314273608
281.4922814475539
-203.36140520136144
251.15540428020236
281.4922814475458
-221.18918089187463
-228.81907955871202
-201.88072724093303
-201.0098771471441
-211.92920445759572
-250.16621515800463
-220.38172373691123
-259.40135290890635
-258.70555694983216
-216.8083187120761
247.77876153552813
-220.1087133676728
-242.173115804925
-214.83529114233983
-248.31769768708205
281.44029215349434
-202.23918811239588
226.37154603253043
283.85042429116896
-233.66477453040176
-253.12906240227187
-201.0098771471441
-219.87155767388646
-242.93281772506944
-237.5752432523414
-234.93042437049172
-210.78005482161473
-219.8867799920907
280.37711121772804
-211.92920445758853
281.4922814475404
-219.73579886055992
-202.62172075523466
281.49228144754966
-229.47614797839293
215.71493049755966
272.29593353753916
-202.62172075523475
-203.24149075912888
281.49228144753937
-225.06949726181554
-212.90997516414535
-220.59847692164414
-201.88072724093317
-246.10838670816798
-218.6338170269769
-256.67307207039374
-368.96543872235
-237.92379091613327
-230.3260216991556
-252.58652405947018
-299.84286576975563
281.49228144755523
-222.63424479038008
-219.34174323353537
-249.89047787787692
-248.1396942636589
-217.41770161364659
-211.71986284669316
-218.70153853448795
-233.42797664793972
-222.92094593813778
-236.73698299175362
283.90995590600045
272.9025342742199
-244.19400270926002
-265.4523056765611
-265.52624695041106
265.5314836047454
-203.24149075912806
-219.8005450942007
-201.88072724093286
-338.38576429317857
-257.64467622213624
-233.31926282445323
257.3672289276073
-222.87216055347943
-201.88072724093277
274.7939283196047
-201.1213850569596
-243.65885382561518
-260.176534060177
258.11775177875325
-229.4351489736449
248.5979394964985
-271.7595071401383
-231.2865348637496
-216.27909723197675
-203.3614052013605
294.34342931520985
-218.08974644282884
-228.79023740265606
256.97158411438596
-217.9389452198131
256.97158411437965
274.2414760099661
-221.28975491116216
-230.91395875605446
-218.33745126974682
252.63999634333712
-229.52540575621165
295.16366172161145
-222.52679588734753
-203.24149075912828
-228.62054237389256
-237.3200625663565
-228.33142737405865
-213.1131307629341
292.89988986914506
-261.3802937004286
282.3943978917957
-217.35896972968607
-226.77606430862045
-205.65657068478637
293.3217035875314
282.0258809982211
-230.97030512103203
-258.09556434297355
-219.48748916295858
-232.01407189566575
293.21720115224747
258.11775177870106
-259.0704945097925
288.7980944083461
257.1982603417884
-259.84095861940443
279.54520593821815
-230.89346695489854
-216.4997143437519
-236.37884984439597
-277.2005274095951
183.75634594949133
-201.88072724093317
-207.59280085351475
-292.9832411931884
-320.7369275053469
-220.70733352855632
-203.74859917128558
-217.7991751638451
271.2386034006791
-244.05232206079697
-216.15891617200782
-264.30700146729697
263.19435700757145
-242.91119908592063
-250.1760387218965
-234.8252703922923
269.80718493282023
292.5971088368634
-225.34229120865095
274.2796464977181
-241.8237922207546
-278.53685573028815
-247.2302235402849
259.34353851337215
-201.00987714714398
-228.18376517680983
-203.74859917128597
-202.62172075523478
293.21720115224656
269.6069091748787
274.4574643077584
-242.4570473368718
-218.20994170430913
260.4064068411609
256.1609439539576
-287.79306995434956
-201.8807272409332
292.8065922616059
-209.2009210246542
-244.2950900290707
-257.11153208663
-205.9542246474232
-205.9542246474193
295.5405667276285
295.5405667276278
-202.62172075523452
-201.0098771471441
293.6296671134066
-224.78155808811474
295.55336775901964
295.3014311021904
293.62966711341323
-225.68753187304043
-206.3703328865908
292.66223873194997
295.05343206015186
