-209.67356599342747
-204.11089358825834
291.83797417210917
-212.04854338897383
-201.12138505696126
-202.83035475431657
-206.23678165460126
-211.34949968039598
-207.81759518589328
-209.04166591109313
-201.12138505696097
-202.07374530727026
295.0094456789125
-204.64719632228167
-219.85496344995997
-201.0098771471449
-211.4258816063425
-202.62172075523588
-201.12138505696143
-205.06656420135567
-204.44652172795224
-209.36457200831094
-202.23918811239983
-207.7005026320045
-201.1213850569613
295.22061151041197
-202.07374530726983
-201.12138505696146
-205.43409307751384
-201.00987714714492
-202.07374530727026
-202.07374530727003
-201.12138505696126
-201.12138505696117
-202.23918811239946
-211.21288840097557
-201.12138505696126
-210.65025318883082
-202.0737453072703
-210.44807256649696
-201.12138505696112
-201.1213850569609
-210.40278085763316
-202.07374530727023
-212.90987697185167
-201.12138505696117
-207.28256249877634
-204.23318157401144
-201.12138505696117
-202.23918811239963
-201.1213850569612
-201.96426871086058
-212.6554094791313
-209.59508539497602
-206.0777575547816
-201.00987714714483
-208.65210263451524
-201.12138505696163
-202.07374530727014
-201.12138505696117
-201.12138505696123
-202.23918811239966
-201.12138505696151
-202.0737453072699
-204.23124840974856
-203.36140520136584
-201.00987714714475
-201.12138505696115
-202.07374530727003
-201.12138505696115
-201.12138505696112
-207.73426101980655
-201.1213850569613
-201.12138505696126
-202.0737453072697
-205.3834227468676
-205.80069043978324
-201.1213850569613
-205.43409307751338
290.44197971831187
-201.12138505696083
-209.24125612466474
-205.25230062515982
-202.23918811239983
-213.66716755786587
-202.07374530727037
-205.25230062515902
-201.12138505696132
-203.25067223466857
-201.12138505696112
-201.12138505696117
-201.12138505696095
-201.12138505696097
-201.12138505696095
-207.09615214322824
-202.07374530727026
-201.12138505696117
-206.1810101274885
-201.12138505696123
-204.23318157401192
-201.00987714714486
-201.12138505696137
-201.12138505696123
-201.12138505696112
-202.23918811239966
-201.12138505696095
-201.00987714714495
-201.121385056961
-201.12138505696151
-201.12138505696083
-201.12138505696117
-201.12138505696097
-201.12138505696117
-201.12138505696106
-210.12291191974793
-201.12138505696106
-201.12138505696106
-201.12138505696115
-201.12138505696112
-201.1213850569609
-204.7206651447047
-202.07374530726997
-207.10623061535657
-201.12138505696123
-201.12138505696092
-201.12138505696132
-206.11083427912274
-206.3926387966954
-202.0737453072694
-201.12138505696115
-201.1213850569614
-201.12138505696083
-201.12138505696126
-201.12138505696117
-212.46661914211543
-208.6758633982239
-201.12138505696112
-201.12138505696086
-201.12138505696115
-201.12138505696103
-201.12138505696097
-202.2391881123995
-202.07374530727006
-210.97494858475318
-210.60716637504214
-201.12138505696083
-201.12138505696075
-201.12138505696095
-201.12138505696092
-201.1213850569612
-204.23318157401187
-204.15160913616194
-210.7436378345811
-212.06838159657394
-210.6121214902881
294.77843739504306
293.8245830470499
-214.1213845103143
-207.95768718040247
-207.04430388011386
-208.03148613044638
-208.03148613045005
-208.03148613044573
-211.99592100201707
292.3722846845505
-208.0314861304462
292.99290761573644
294.0745206375156
294.54100627630254
-210.29752765258914
-207.12141337446477
-210.19549434297443
-211.07246765183007
-208.03148613044303
-208.03148613044095
-208.03148613044502
-208.08303431047207
295.0482068824548
-299.454299269771
-206.96349584419409
-206.72087793602805
-220.70130533099507
-206.78689626863817
-203.36140520136635
-204.58127773923164
-205.99265991322932
-292.1427544328891
-204.7800488683463
-241.32557231882652
-205.48118286541273
-204.78004886834682
-232.30903868032192
-205.99265991322872
-205.99265991322872
-219.0464520541787
-216.23953127130673
-205.99265991322937
-205.4921716820609
-249.671024704513
295.553367759023
-276.8897102959263
-294.65847377589944
-207.80231073199988
294.7808716278929
294.7316745212563
292.39017405866423
-234.09148188175473
-275.3230935254146
-245.52652451791175
292.4856833600781
294.78087162789427
-218.93237917083127
-232.18886053757834
-211.10329815702886
-208.58946178434456
-208.19675306968753
287.6514099743993
-208.19675306968384
-208.19675306968065
294.98113614513596
292.3901740586625
293.8518709054363
-208.19675306968668
-208.7735953217872
292.3901740586659
293.2939661142263
293.6015669367757
292.390174058668
295.3177484612456
-204.1516091361615
-208.19675306968475
-208.19675306968043
292.78352940740774
292.26735359336743
294.3080892697771
-208.19675306968213
-207.92459452457302
-207.92459452457456
292.3722846845539
-210.63872284628107
-216.5426710437248
294.3163726462979
-210.07415515105586
-211.77959036942678
-213.42471484619514
278.8882918517706
-250.60777589854303
292.9929076157386
-263.38587532076394
-224.2475936646712
294.7808716278949
-122.01699298513317
292.1959969597562
-206.8298870355245
293.8518709054381
-215.4638205511047
-206.37175691429755
-206.3717569142971
-262.58206027993464
-155.0851962864036
-276.73475331213706
-247.64996508674673
-148.5451968718192
294.5410062763033
-346.44420802774107
-150.02459736731836
-322.46787097268594
294.07452063751424
-228.23758439319957
-151.10840100033488
-235.35759891368764
292.48568336008293
-307.94067421890554
290.18955423496743
-279.0600187653678
295.5533677590231
-210.0442095389171
292.8065922615647
-323.9167717780249
-207.41376679172942
-367.15162372124666
292.80659226156376
237.57689895840676
270.56637671772165
-224.79454245285413
-283.01970737931697
-253.5332900327883
268.32661441621906
295.04820688245144
270.73499568763685
291.01408714598966
275.1906302658968
-365.45188083222115
292.80659226156837
151.29230923370096
-209.48854455746238
285.2841931550636
-211.80030487655077
-211.8003048765648
-297.283249224569
-201.12138505696083
289.4455831218151
-166.84699038307065
-218.63515321254067
-204.15160913616182
-204.15160913616197
-261.8103175173591
-297.18028318756814
182.97076491383405
295.5533677590224
295.5533677590232
257.95775934985096
281.76022248776866
294.7784373950423
292.8065922615686
283.6150919989526
292.37228468455675
286.7985505742195
283.8570288580214
277.0816758470823
287.02714543054225
-202.23918811239923
292.8065922615653
292.80659226156484
283.6150919989605
288.85183369612434
287.63435708699427
281.91513694525264
280.85416174244125
189.0420205453965
270.20608112886634
291.69484284047587
279.9772391322458
190.8841464294115
-253.70209177565718
180.18566817266674
288.88847197650466
277.78569560404395
-287.3697091406053
-232.11907485299838
-211.4789318864071
268.4224899603442
294.99752332212825
274.6244520992609
277.59477591219064
279.493932765746
264.19991706004834
287.8175875189357
-203.74859917128495
291.7406093507726
-206.74776373917405
-201.0098771471448
-215.88068746493738
266.9863669088505
291.6963945729076
292.80659226156826
292.8065922615689
-159.43806449961215
-252.6963362534391
291.74060935076864
263.9153128943446
-211.4395617462448
292.8065922615678
-213.139177247332
212.11592678909972
-224.33456984269722
292.3373265470122
292.3373265470114
274.2251479352143
265.771849237084
292.3373265470132
292.3373265470089
292.3373265470138
292.33732654701066
292.2673535933746
-216.10895205713015
268.7127541437106
278.4968040326061
292.33732654700907
292.33732654700935
292.33732654701464
292.3901740586682
292.33732654701197
292.3373265470112
292.3373265470116
-209.05651080669023
292.337326547013
288.0734446100019
292.3373265470127
256.0459514097791
292.33732654701805
279.9862019740473
292.2673535933761
292.33732654701555
292.3373265470146
289.3588077566652
288.2510575162481
292.33732654701726
292.33732654701566
292.3373265470137
292.3373265470127
279.8694557021442
-212.7967162269743
284.14182833425804
291.84139204400606
283.59154036165313
283.59154036163307
-203.36140520136533
269.0756632185994
280.7122011433715
267.0286605834133
-208.77286943704183
294.76658156652945
278.88083977232174
-208.1981316032734
249.89425249367343
-209.33405971432785
-216.78880529667416
253.25459252180204
266.59790489597447
282.26737647345146
294.59758375641127
-208.0830343104563
278.46672286217967
-209.71725924325656
254.74284573836368
251.72621045232535
-233.860957027699
292.33732654701566
-227.0617260071412
268.8467213158165
292.3373265470136
-209.79422943372137
194.88405894971297
216.63066118486222
292.6206496886626
292.80659226157036
294.0745206375171
-315.95448439590535
-318.7188640077312
-135.60241855882782
-225.62363057960894
-324.77033559032134
-267.47928473948167
-201.88072724093388
292.3373265470161
-136.37330029431496
-229.66347845445011
292.6206496886651
292.3373265470143
-234.80129753461347
-208.04731439567271
-322.29761691207756
292.5910203915815
-208.61483239518344
278.08823528898347
-207.92459452457254
286.89724468368297
289.8138715245842
289.46099050095336
-208.38570340511015
-212.20513424730407
293.82458304705153
-295.5535140940185
-208.6148323951861
-207.87271005778598
292.37228468456175
-207.87271005778413
292.33732654701333
-258.13343128908684
-212.20387963107697
280.508574741438
294.5410062763024
-208.4836022333268
295.5405667276311
-219.4205898329913
-238.58035288607863
-128.391930603222
-249.50567682161733
287.82275034259294
-208.5302409687153
255.8260053645946
294.0416082103241
-207.79954580074175
-286.8054186750112
-226.48963028689133
-303.8663675946288
277.8535820908964
292.39017405867946
292.3373265470172
295.0482068824507
292.3722846845652
-209.94008217763817
-218.41778676781755
-208.28467918851766
-207.88990134785024
255.6829463588462
221.058244566614
175.0776763198096
292.2673535933813
-258.41338950660315
291.0649111516959
292.19599695976814
281.69493606129447
281.50675121807456
-224.04951400118279
266.6445404638691
-206.7327354213486
279.24647451342787
281.6887763571083
293.38181919954013
282.39835213168163
-212.98208376868538
281.930402732637
281.9304027326194
270.26366649030206
284.90594527906177
-228.482247031329
281.1269628257228
278.49435047370986
-231.57273364134565
295.5533677590221
203.6135481237808
295.5533677590213
-204.717028553668
-204.1516091361622
-203.74859917128475
-204.4594332723685
-204.1516091361627
-204.15160913616273
-204.15160913616185
-202.62172075523563
-204.49279601520053
-204.15160913616256
-204.45943327236807
-205.96464275438507
-204.1516091361625
-203.24149075912953
294.32375439742214
-204.71702855366607
-204.459433272369
-201.00987714714472
-204.15160913616273
-204.4594332723694
-204.45943327236827
-204.4594332723689
-204.45943327236935
-201.8807272409342
-208.4746437262667
-204.45943327236924
-205.96464275438856
-203.74859917128575
-205.32725471638844
-201.00987714714455
-201.0098771471447
-201.00987714714444
-201.0098771471446
-201.0098771471446
-201.00987714714455
-201.0098771471447
-201.00987714714466
-201.96426871086067
-201.0098771471447
-201.0098771471446
-201.0098771471446
-201.00987714714478
-204.31438697596374
-201.0098771471446
-205.32725471638932
-201.0098771471446
-201.00987714714458
-201.00987714714458
-201.0098771471446
293.2271136031459
-204.38238334086597
-201.00987714714446
291.98212501859535
272.7250203776358
243.156559141265
-216.08011749569943
-235.67487836805674
292.6206496886686
293.82458304705426
290.1175426977812
292.39017405868003
211.9164263995441
259.14258735411335
-219.497708392358
270.94887113707176
289.35880775667636
-208.04731439566177
257.14907026583114
-223.04086738903123
-282.49173713733387
280.98598741255876
-208.6148323951746
-211.26799147150427
287.0178023390175
264.27431116729866
282.7383051836813
-208.61483239517722
-203.7485991712858
-272.6650060867137
290.69430951975005
292.3373265470215
286.82992454252354
292.78352940742235
-210.95514673547083
-208.04731439566896
285.00280376525075
-208.45406822441004
283.2742512156493
228.1429771415281
-208.61483239517167
280.96024781264555
286.8972446836733
284.82169146208344
278.6633996135642
292.372284684571
-208.0326194204346
258.26639581119434
-223.6822150508541
289.77320169028803
-238.90074925771376
292.8998898691191
269.2574242801606
284.82169146208975
-220.99562685356645
284.8216914620754
265.1039151190022
278.3142837031613
284.8216914620775
292.37228468456817
281.3588460179564
281.51253510115635
276.4912917526993
290.18416316280593
-208.61483239517912
254.35297242552556
-208.04731439566007
-207.14957968488517
-231.29138945753184
292.3722846845733
292.8065922615772
271.42929088241794
234.45321922577665
282.49877730330684
-212.51956388433373
292.59102039159245
273.9505236603648
292.3373265470234
250.42812830572035
281.0834143611358
293.82458304705557
272.9875233532961
281.28646892857864
-208.2846791885218
-227.18457282265734
-218.44677062500338
292.33732654702743
284.8216914620955
288.8918300073658
-208.04731439566183
284.4683600844873
280.19856017008595
-208.4540682244012
292.33732654702567
285.89790071156136
-209.5016517866004
280.3560406617605
-208.48360223331693
267.40773238649115
293.40464707907347
292.3373265470252
-202.2391881123982
266.58560739940856
283.68503897569633
284.4406626910293
292.8065922615782
292.8065922615781
-207.9078042364684
247.57211320670325
292.80659226157786
292.80659226157695
-172.5480520099356
292.80659226157945
284.86280507694113
292.8065922615799
-207.29205088075983
-208.06896061400988
-259.8127010191721
262.13189650129647
284.86280507693675
291.281635141679
-145.27111790988533
-151.83133466202213
281.5997299387067
292.80659226157957
-208.79358091992742
-297.74950445246884
284.92095395587734
283.37171286063506
292.39017405868117
292.33732654702453
292.26735359339057
262.0470951343131
279.8782335028884
-211.01775784950274
290.6110598403686
290.8797445647519
-213.92306242652015
287.7940123637694
290.16732056792944
286.62118127109363
290.5452042498708
289.91970195136133
282.081195319098
-210.33157686245477
250.96990152137914
-223.08992913717003
-212.8490909480248
263.4766705028976
289.64782514839624
290.51831479772
262.25669443028164
290.1643416542202
290.10825213922266
289.48169409478874
290.99141300684425
277.5054821752101
-211.60287843993098
281.8408042097325
-211.6826237318937
251.9570622825931
289.9197019513632
276.75624710319147
289.9197019513635
291.5840997767445
290.47580896507003
291.835098783854
291.83509878385286
291.8350987838557
-211.36455029138574
289.7254399173175
-211.68262373190538
-302.7523247350236
-212.7090631816739
238.46733693402894
289.92992812437814
-209.5006847983678
-208.7409980803339
278.5519543106551
289.7958474681985
292.3373265470308
283.58562479784274
-136.67148926998587
-211.14931578116483
-212.00576119657774
-224.03851246967753
294.07869759820056
-223.8754909204183
290.51347861548714
-211.60287843993407
-223.16889761295903
-208.86206678696476
-211.60287843993166
265.7190998325314
-212.14115070440047
287.621151022624
-211.60287843993143
275.03495602593614
-210.3315768624474
265.2466409925867
-211.6028784399283
279.32167806689574
289.82489174861496
284.2926549697815
-211.60287843992992
-211.60287843993262
-202.7467404368139
280.471273455565
-210.78307771802423
262.5624663257065
-211.60287843992714
-211.8855658555594
-220.37057291989277
231.08940599889775
-237.293756305654
290.1845929212211
177.94302326304867
-224.33952281253164
-209.45615838286494
289.9197019513662
284.06961291862683
-208.8881281053123
292.11665296937787
276.71765410198293
-208.1334488992899
237.21120904644084
290.9698351727164
252.44514758246294
-209.33405971430477
-299.22556493938623
294.31637264629677
277.6608622339575
268.93060143677536
286.2300477560917
273.6812306680469
-208.48360223331366
-208.6148323951672
295.54056672763016
259.43807905890594
292.19599695978224
293.8245830470575
-241.60382802866184
285.5872563626396
-208.48360223331343
292.806592261581
284.39949765960483
292.3373265470276
253.74945463644687
262.98914180009115
196.18548607097335
272.6061019378366
293.8245830470574
189.54067473275416
-208.05802634280073
284.80861666402524
292.8065922615826
211.85932319448807
293.62040640395185
292.806592261585
243.11519324457544
245.17561661515745
293.824583047058
-149.1772881912262
295.54056672763085
292.806592261581
292.8065922615819
294.78087162789046
295.0482068824477
292.80659226158264
295.54056672763045
-230.82100015388977
294.7808716278915
292.80659226158394
294.78087162788955
293.620406403952
-212.33012417618457
295.54056672763005
-208.36485373281494
281.1714462449678
284.42204880252126
261.4487149638209
292.6206496886819
284.16796928066435
292.3901740586909
292.39017405869004
293.2061375325448
283.58269474627036
226.78717547853995
177.06468339678426
292.33732654703374
292.3722846845816
289.8138715246154
-203.3614052013626
291.3168713981404
-247.63051875439638
241.61663770856205
294.7808716278901
-207.7326464066035
293.6204064039557
-204.38238334086677
292.267353593397
247.9707096007179
290.16819197488434
273.7595989356694
249.79937950068788
293.20613753254656
292.37228468458136
295.0402665050625
-207.7326464066005
283.76327149708044
295.04026650506313
-138.92375518797164
294.31637264629717
271.89852529412303
292.8065922615857
-208.4836022333048
171.96911632653504
292.3722846845818
293.3693856321219
292.37228468458045
-225.84519791965965
283.21209599054123
276.23065156748527
-208.4836022333044
-231.4204046727148
-202.62172075523483
292.3373265470337
293.6204064039563
284.8216914621019
-216.4455462897262
289.08919628098533
283.0804641031118
292.92397571840536
-235.14669424545679
284.16796928067384
292.61541506385817
263.5442136663861
284.82169146211396
280.40274370738655
292.33732654703516
264.8834122732919
292.26735359339557
271.3935784527261
261.44610776920115
293.94273671903323
267.6730192420019
256.24373399050955
294.5410062763011
290.208514096316
-212.9643037469584
290.37212844911437
289.0539175051607
279.09139583901646
-207.5462021362868
279.0605091965404
284.0823006462821
-212.25965160248361
279.7446780550909
295.04026650506336
294.0745206375213
293.6204064039537
293.6204064039548
294.0745206375197
-208.35773936556788
283.85784574960815
294.0399789368323
-221.71680156029262
291.36729918897237
292.33732654703476
293.62040640395355
-204.11089358826123
295.0402665050613
280.4051070976544
276.53486827823747
-208.08303431042933
276.8957921183269
-208.4448189458321
268.618792097652
286.79385650240454
292.33732654703704
224.52706952142904
294.7808716278896
282.80026547205506
281.2630655343948
289.81387152462366
-204.15160913616384
292.3373265470387
278.4216139048071
249.4563354999843
-210.56049940554198
283.48531134113097
289.19709252140746
278.4827616617383
281.17200770547964
274.40108190987013
283.71987663030086
278.9256244026121
280.4051070976529
291.36729918896975
278.88061154580214
291.2333563310316
-209.3340597142939
291.23335633102937
291.738472482026
271.25164170841856
292.8065922615887
-208.35773936556413
-227.19329888895155
-208.35773936556268
258.91122654429535
295.040266505061
279.060509196582
294.07452063752015
-227.38881307251506
275.41805115510033
278.92655894023414
291.6963945729452
-208.3718270187553
294.5410062763014
288.24149672615624
279.97854588493954
293.62040640395554
280.9318126920642
290.6943095197774
278.65291381320424
280.1336056770009
-221.80951144416468
279.8002480747235
294.78087162788944
273.7454170479016
292.37228468458534
283.41367677880595
295.0482068824472
294.07452063751845
283.41367677881107
294.0745206375209
276.6277295157814
290.51831479774063
282.86101893275514
289.1970925214104
280.40274370738763
264.56817379642257
278.44735992917106
291.84139204403107
257.5277591959583
279.34830572826445
294.5410062763013
-208.08303431042498
293.6204064039569
279.56094049865703
-244.23170018544147
290.0773664028982
-207.85129121483038
-208.48360223329536
-208.48360223329976
258.9512575564734
278.9265589402322
283.8578457496163
291.6963945729456
280.42991986882527
-208.82781065788382
277.20917233477763
-210.43359857753344
-225.4372067493838
294.7808716278891
283.2650325438963
254.9875509895713
270.4529894287015
-211.48575150785274
291.6963945729479
284.52961721094243
284.52961721094675
280.17132770461563
280.9213125907723
289.44558312186723
269.664843468711
-210.70034990218073
279.76700947226465
-208.9016515681782
292.3373265470409
-212.23941099910118
292.62064968868907
284.06372925962
273.3803957366263
284.04547184892664
279.12254872929543
295.0402665050607
287.27193422602807
280.5407896080575
271.65299091028913
-220.00640574674873
291.36729918897646
279.8002480747421
291.694842840513
292.80659226159094
-201.00987714714424
295.31774846124125
284.5296172109379
284.5296172109472
279.5609404986698
-208.35773936556575
289.5158272372285
294.0399789368315
291.69639457294585
294.0368596125027
295.5405667276301
-222.15731627130924
-208.35773936555978
294.07452063752197
292.8065922615905
256.5283532217969
289.9894905625015
293.3818191995526
284.52961721094795
293.21720115223917
289.29668216630165
280.7314353275931
279.60671190228305
-208.60907013466286
-208.0830343104241
291.74060935081036
293.6204064039583
-209.95643289722315
279.0956013065534
-208.35773936556564
277.5236740827962
279.32458408632425
-204.68225153875977
284.2420728526461
292.62064968868765
292.9239757184098
292.33732654704187
291.38396046889915
-205.51183309122538
295.0482068824463
277.95490310521683
270.2060798727069
295.54056672763005
289.9597738298636
293.62040640395963
277.6290761634899
-210.51444101523722
-210.51444101523046
279.16789393063215
295.54056672763073
275.6525629429011
-219.30297576221903
280.73143532758047
-210.0404317098474
277.8880440084934
-209.45615838284533
279.1050231294403
279.187494500997
-212.42746392939748
276.96065104056237
279.0239435439329
280.24586536127475
-208.48360223328936
257.6991999438291
-209.60735745147278
-208.70097205646
280.28729883677863
264.14133801766826
-215.060572218293
-231.11281289310762
291.7467041128935
-210.80192506344852
-205.51308870300267
284.6276319147597
293.62040640396003
278.44831371638344
269.8534922552915
277.7243470131189
-203.24149075912868
294.0745206375207
294.78087162788904
-222.2152631000768
290.5183147977487
293.6204064039582
292.3373265470423
292.33732654704073
292.3722846845946
295.048206882445
292.3373265470426
292.33732654704266
292.3373265470431
283.13924831252604
-209.15284010336825
289.6884825755092
294.78087162788995
290.62586378721653
280.0302935972783
280.6572661574999
-208.90165156816664
280.65726615750117
280.9665425917656
281.6008807353619
250.1447695437902
275.3341244978028
-220.827408194522
294.7808716278888
233.33893124607084
-208.7935809199003
290.8549451573917
-210.96877262376807
-208.48360223328854
260.7231475698113
283.3246353160013
295.5405667276308
280.65920377776536
293.6204064039598
286.2476403522318
264.00331410300566
291.73847248203816
294.3163726462963
-209.65904650939393
292.824926223165
293.8518709054475
-224.9196446242552
-210.78088086456427
290.6527512460064
289.9470153184037
270.0225968223992
279.9502654041426
-209.4561583828403
289.9597738298719
291.7384724820416
-219.5449977526967
290.71901738215905
292.33732654704613
283.3325490422866
293.62040640395793
292.33732654704687
294.0368596125019
292.33732654704386
292.92397571840905
290.85494515738935
291.73847248203754
292.33732654704335
292.3373265470464
292.33732654704505
291.8413920440415
286.056712764571
291.85583012164585
-202.62172075523475
291.39141252664103
284.87354303668934
291.7384724820464
291.7384724820446
-220.07029564583496
-210.68656020751615
291.738472482037
293.61027837353396
292.3373265470446
292.3373265470435
293.62040640396157
292.3373265470445
292.33732654704426
295.04820688244484
292.33732654704284
293.6204064039587
-212.09740868257595
-211.16264947018811
290.85494515739106
292.39017405870527
280.07932531546163
283.1232751768356
295.54056672762925
292.3373265470487
294.0745206375224
291.46475977417595
281.8458205875934
291.8289425719557
292.33732654704966
292.33732654704784
295.29677662616865
-209.362379464969
291.13729415289043
283.34883814631587
-208.34366309988854
292.3901740587077
295.0402665050585
-205.4921716820649
-210.085489688097
292.33732654704835
293.62824308571396
292.33732654704954
284.5695255793355
292.3373265470506
292.33732654704653
292.3373265470522
292.33732654704954
291.3914125266393
294.04160821032184
292.3373265470499
292.3373265470457
-212.1728143802307
292.37228468459506
292.33732654704875
292.372284684596
292.3373265470492
292.33732654704943
-225.90434280681018
291.4647597741801
292.33732654704744
292.37228468460137
292.37228468459745
285.3317146125171
292.33732654705034
292.76843049845564
284.8735430367077
292.3373265470471
-209.82958369144433
292.14864121336416
292.3373265470502
292.3373265470457
292.3373265470472
292.33732654704244
292.3373265470478
282.9584803093549
292.33732654704835
292.33732654704914
292.39017405870817
295.54056672762965
292.3373265470484
292.372284684598
292.33732654705085
291.6889220076256
295.54056672763033
282.9487608320992
292.33732654705005
292.8249262231711
294.3163726462972
-208.32320025356543
291.39141252664336
295.5405667276298
292.3373265470506
292.3373265470506
292.95073194735954
292.33732654704835
290.8549451573923
295.54056672763
292.3373265470506
-207.9245945245361
292.3373265470524
295.5405667276292
292.8249262231673
289.5243805976257
292.3373265470521
292.3373265470491
292.3373265470489
283.98149442963455
292.0189826688836
292.3373265470519
292.82492622317307
292.337326547052
292.3901740587104
-208.95210207556892
292.33732654705125
292.33732654705034
292.3373265470546
292.3373265470499
295.02700204404806
-204.7170285536734
292.33732654704994
283.26679910973473
292.33732654704863
292.19599695981503
292.3373265470491
292.3373265470495
-215.8514097744254
293.6204064039623
292.3373265470554
294.7808716278887
292.3373265470507
293.62040640396185
291.64675969080236
292.33732654705005
295.5405667276298
-211.61948004205124
292.3373265470506
292.3373265470508
292.372284684603
291.2716458112816
292.3373265470493
292.3373265470518
292.33732654705346
292.9507319473555
272.4913923355786
292.33732654705483
-204.15160913616387
294.7808716278887
291.72762033234795
-210.65866713310436
-210.6586671330952
292.33732654705625
292.3373265470531
292.337326547053
292.33732654705386
295.04026650505864
292.33732654705256
292.3373265470557
292.3373265470545
293.6204064039635
292.33732654705113
295.5405667276304
294.31637264629796
292.33732654705403
292.337326547053
292.3373265470567
269.1480670976531
-209.83958008440158
283.89530744243444
292.35057477741896
-210.87287689415228
292.33732654705153
-225.04889652451095
292.33732654705545
292.3373265470549
284.8735430367244
292.3373265470535
284.07071653762387
292.9847798456209
294.0745206375237
-272.7432464399635
292.33732654705835
291.80970187544784
294.31637264629825
295.5405667276283
292.19599695981475
292.9991962711829
293.62040640396407
292.3722846846052
292.99919627118294
276.4943146728942
292.3373265470528
292.33732654705653
-205.50614059955214
292.33732654705466
295.0402665050588
292.3373265470549
294.76658156652746
285.216316373196
292.33732654705767
-210.19467971267176
292.3373265470582
294.0745206375234
294.7808716278866
292.3373265470551
292.3373265470596
292.33732654705824
291.3914125266536
292.3373265470584
-208.4156855761767
292.33732654705926
292.33732654705716
292.33732654705705
291.9257177833111
-209.98598978803204
292.3088317636605
284.5717510962638
292.33732654705415
292.49643348222446
292.9991962711798
-211.12251963304067
295.04026650505904
292.3373265470543
291.62483468726174
292.2673535934313
-208.6554238986265
-219.45221289067078
291.5234939190933
-208.11726813592364
292.3373265470585
292.5004601275383
292.33732654705676
292.33732654705955
292.3373265470561
295.5405667276287
292.19599695981776
292.9991962711789
293.1907378528078
292.33732654705665
292.33732654705705
279.6508295335501
292.3373265470582
292.3901740587163
292.3373265470602
292.78712644672026
-201.12138505695947
281.6264272249922
292.9507319473548
292.3373265470571
294.780871627888
284.87354303673254
-217.59992673579015
292.3373265470583
294.0745206375241
292.33732654705614
295.04026650505625
292.9535104918873
292.99919627118317
285.9115195484291
292.78712644671714
292.99919627118345
292.33732654705625
292.62064968870254
292.9991962711829
-209.5857887451091
292.42004580926135
292.9991962711829
292.33732654705545
292.6206496887007
292.99919627118135
292.6206496887029
283.92252830469266
292.62064968870345
292.9991962711834
282.9866780649698
-208.65542389862773
292.6206496887059
294.78087162788637
294.0745206375237
292.39017405871664
294.0745206375253
292.33732654705767
292.13463847671756
-202.23918811239636
295.5405667276284
292.19599695981583
292.9991962711842
-209.81694932015523
291.5234939190893
292.99919627118413
292.9500653021209
292.372284684609
291.465402294423
292.9991962711832
-201.1213850569594
292.26735359342894
295.55336775901935
292.3722846846094
292.99919627118237
292.9991962711805
292.9573535709891
292.99919627118294
292.9991962711833
292.99919627118226
-207.03145682929096
291.95959215935136
292.9991962711873
292.99919627118214
291.7911910091575
292.9991962711821
292.9444320035604
294.7808716278872
292.3722846846107
290.32648481171924
292.99919627118277
-207.00080372881814
292.3722846846124
-201.1213850569595
292.37228468461495
-205.71666418053042
-270.0883494791759
283.55048781258665
292.46649416709624
292.9991962711831
294.2833358194718
292.3722846846102
292.99919627118186
292.9507319473584
-205.71451130326895
295.04026650505773
294.78087162788887
292.37228468461194
294.3626445953525
292.3722846846125
-204.6822515387607
292.19599695982714
292.95006530212146
-207.00080372881703
292.37228468461336
291.4654022944222
292.999196271183
292.9991962711818
292.99919627118305
292.9991962711819
294.36264459535215
294.78087162788637
292.7829906124155
292.9991962711828
292.9991962711846
293.1907378528103
292.3722846846113
-205.63735540464893
284.0139486342261
-205.72069294750804
293.4834003286682
292.95073194735664
-201.12138505695918
291.6455819891006
292.95006530212123
292.99919627118226
291.73380591707337
292.3722846846151
294.36264459535136
292.3722846846126
290.5714145522594
294.3626445953522
292.3722846846178
294.36264459535204
292.35476468922576
292.3722846846163
292.99919627118084
294.36264459535323
292.37228468461484
294.36264459535204
292.3722846846117
294.3626445953527
-208.44598719170108
292.3722846846113
294.3626445953518
269.83473026929903
294.3626445953526
291.90861701200873
294.36264459535244
292.267353593429
295.5405667276289
275.8445035943664
-202.23918811239568
292.37228468461063
292.9991962711846
-202.2391881123954
277.67137836272695
292.9991962711787
-208.68451961153778
292.33732654706444
292.9507319473563
-207.0314568292916
-229.91240548682006
292.3722846846199
292.99919627118294
292.9991962711828
-210.626156242267
291.85530333276336
-207.04576114280127
292.99919627117987
292.95006530212095
292.9991962711841
-207.00080372881874
292.37228468461586
295.2338796474819
-204.68225153876202
292.37228468461683
-208.65542389862716
292.37228468461933
292.9991962711836
294.36264459535255
294.78087162788677
284.2523599305021
284.86527578022555
294.3626445953522
293.9186261386042
-206.38022284009799
-210.19402448668012
-204.38238334086904
292.37228468461745
-205.6373554046491
292.37228468462087
294.3626445953518
292.37228468461984
292.9991962711797
294.36264459535107
295.31774846123903
282.8926465129854
292.9991962711799
294.3626445953519
274.2884341808719
293.1907378528089
292.9991962711867
292.9500653021214
292.9991962711813
292.9991962711832
-208.97755963790726
292.99919627118425
292.6687725942696
292.3373265470715
-201.12138505695887
294.07452063752555
-201.1213850569588
283.6793183684742
292.9991962711835
-201.00987714714392
-207.73264640655907
293.6204064039684
-202.621720755234
292.37228468461745
292.99919627118123
-207.69329290986343
292.3722846846204
292.9573535709897
292.3722846846182
283.9841289576311
292.9573535709911
292.99919627118476
-205.72069294750744
292.78299061242086
294.36264459534965
294.3626445953509
-207.802310731924
292.37228468462087
294.3626445953489
291.80063332046103
292.95735357098675
292.99919627118277
292.9991962711834
292.9542388571992
294.5410062763029
-208.11726813590687
293.6204064039685
-208.65542389862426
292.7829906124226
292.99919627118175
-207.0008037288171
292.78299061242177
-201.1213850569589
281.8124359292399
-207.64523531076858
284.5183297440357
293.19073785280796
292.99919627118214
-207.49092692518337
293.40464707908995
292.9991962711849
292.9542388571997
292.3064391253344
292.95054547857694
292.39087253914073
-207.49092692518641
292.3722846846258
292.9573535709893
292.0485805256114
292.99919627118254
-202.23918811239542
292.68451261548955
-207.72096773272523
293.0490202449625
292.99919627118396
291.46540229442263
294.36264459535033
294.3626445953491
295.29677662616564
-201.121385056959
292.37228468462433
292.9991962711831
-207.65001392674785
267.89931370955196
292.99919627118135
292.9542388572005
292.9991962711832
292.99919627118305
293.1907378528114
294.36264459535045
294.36264459534954
-201.12138505695904
292.7829906124215
292.9991962711851
292.99919627118237
292.99919627118226
-207.49092692518562
283.73096721035483
292.9991962711846
291.67650517577795
291.8401231256561
292.3722846846221
292.9573535709878
292.9991962711814
294.31637264629944
-208.82454238405262
269.3683303723769
-210.87287689413594
292.372284684627
292.98477984562805
-207.49092692518255
292.3722846846238
292.99919627118635
292.3722846846248
-207.49092692518528
292.37228468462166
295.5405667276276
291.85583012165426
292.98477984562663
292.99919627118544
-207.49092692518482
292.7829906124238
292.99919627118425
-207.75753865396157
295.5405667276284
-207.6630815198353
284.9037473849861
292.3064391253376
294.14288618870665
-207.49092692518622
292.7829906124246
294.3626445953511
-207.49092692518553
292.7829906124253
292.99919627118476
291.62261466426133
292.9991962711817
292.95006530212214
-202.23918811239508
294.54100627630066
293.190737852811
293.7708373758508
-206.50291531646735
292.7829906124236
292.99919627118527
292.99919627118413
291.3668474575712
-209.65293160537107
292.78299061242495
-202.23918811239542
-207.0008037288154
292.78299061242683
292.99919627118663
294.71526963713933
292.37228468462183
272.73770325808886
-207.4909269251854
292.37228468462837
292.9542388571999
291.463746596999
-207.49092692518715
292.3722846846287
-201.12138505695933
292.7829906124193
-207.4909269251862
-208.17979660292775
294.0745206375262
292.9847798456243
291.855830121658
292.9507319473574
292.9991962711828
293.1907378528094
293.1907378528083
290.2365575856212
-207.69356087466196
293.62040640397163
292.98477984562567
-210.8728768941413
292.78299061242495
-210.87287689413964
292.7829906124267
292.9991962711818
291.6226146642601
292.9991962711841
291.36684745757213
292.9991962711836
292.9991962711825
291.8558301216543
291.85583012165444
292.99919627118186
-209.0920577360281
292.78299061242416
-210.84149555711852
292.37228468462814
-211.2094389035451
294.03685961250375
-210.350198387404
292.1335754813434
292.95006530212106
292.9991962711846
-210.6105868736688
294.316372646299
-209.2128510518677
292.7829906124259
249.62402567326626
284.4693255670365
-213.0870927692783
290.96305336405925
-201.12138505695884
295.54056672762783
295.54056672762795
-211.61525707242316
291.24163069459473
292.1623423856477
-211.61525707242754
292.37228468462695
-211.61525707243095
292.3722846846264
291.6701950603953
-207.95850149610132
292.37228468462735
292.1623423856482
-214.04139199700947
291.15880964221583
-211.6152570724256
292.7829906124273
-211.61525707244064
294.31637264630024
291.8558301216551
291.01793069445154
-203.74859917128524
292.782990612427
293.19073785280773
273.7647852047753
291.22717619632164
273.76478520480157
292.2212735676794
-206.4946158693964
-202.23918811239506
293.05845718744786
292.99919627118214
291.45767126553505
291.3668474575667
292.99919627118254
-206.49401819230292
292.7829906124292
292.9991962711811
292.6687725942682
-208.1211938774143
292.80659226162004
292.9991962711834
295.31774846123807
292.99919627118356
-207.00080372881663
295.5405667276284
-211.615257072428
-204.94832686981746
292.3722846846334
-211.61525707241964
292.37228468463184
292.78299061242757
-210.87287689413333
-212.381526791506
292.3722846846308
-211.61525707241486
292.37228468463104
-211.61525707241685
292.37228468463184
-211.61525707242768
292.591020391649
293.19073785280943
-211.61525707242973
292.7829906124288
294.14288618870603
291.6701950603982
292.99919627118385
-210.6105868736717
292.191643219869
-209.44510300707347
292.9434021072352
-211.61525707242296
292.80144707022174
292.99919627118135
295.54056672762835
-202.23918811239488
292.3722846846298
291.0179306944553
-211.61525707241623
292.1166529694419
291.622614664259
-210.61058687367466
292.49643348224873
-209.44510300707606
-209.4125749527589
292.99919627118175
292.95006530212135
292.95735357098715
291.01793069445324
292.99919627118186
293.1907378528086
292.9991962711824
295.54056672762783
292.78299061242893
291.0179306944558
295.5405667276287
-212.4843923707794
279.4803383770302
-207.04576114280124
-211.3585176038297
292.3722846846338
-211.6152570724072
295.04026650505347
-210.02773144393964
-208.20355556482946
292.37228468463434
-210.42247147323405
292.3722846846325
292.9669439702239
-206.2137124235905
292.37228468463485
291.01793069445466
292.9991962711834
292.16234238564465
292.99919627118055
292.94360292697235
-206.54699005229847
292.37228468463576
294.14288618870387
292.0045026323617
-202.23918811239466
292.37228468463474
295.5405667276272
291.3668474575722
-207.95850149609902
295.0402665050543
291.12306585967167
-207.03145682929093
292.3722846846342
292.99919627118624
292.954238857199
-207.00080372881467
294.78087162788387
291.2271761963264
292.99919627118356
294.14288618870114
292.95073194735767
292.95073194735744
-206.1246310032718
292.37228468463314
292.37228468463707
292.1623423856483
292.9991962711839
-202.23918811239443
292.7728134107094
295.540566727628
291.3668474575714
-213.12923386575466
-214.04139199699864
292.19599695984346
-210.87287689412793
291.6963945730095
291.79994109416054
-211.61525707241697
287.68259516931676
-211.61525707242345
292.78299061242967
-211.61525707241626
292.37228468463786
-211.61525707241051
-211.215289439217
279.20931684556695
291.68819246120387
292.9507319473562
295.540566727628
293.9186261386054
-211.79409570825703
292.37228468463746
292.0596196887224
-212.11699769123646
292.3722846846365
-205.71451130327324
292.2673535934551
275.55874707053493
292.95735357098766
292.99919627118436
-206.49461586939725
292.3547646892468
292.99919627118265
-201.1213850569585
292.37228468463826
-212.21101268041312
292.3722846846339
292.9991962711821
292.9991962711833
292.95423885719873
292.99919627118044
291.7512685013698
292.95006530211936
290.96142107412163
295.2967766261647
292.99919627118487
292.9991962711843
295.540566727626
292.37228468463036
295.5405667276266
284.81768689694843
292.0485805256107
-210.8728768941252
292.2673535934584
-227.9746264199047
292.37228468463815
295.5405667276264
292.19599695984766
249.25638002211463
-228.07952413806888
292.3722846846348
292.3722846846336
-211.93550213310596
292.3722846846364
-211.89246246633056
291.9086170120284
-210.02773144393174
292.8249262231698
292.98477984562726
-208.6781582172565
292.3722846846355
292.99919627118544
-201.12138505695873
292.37228468463604
292.999196271184
292.95735357099056
292.9500653021204
292.9285285083924
292.9507319473558
295.5405667276266
-209.0920577360165
289.97368432006
292.9500653021206
291.85583012166444
295.04820688243973
277.9699445599226
-201.1213850569584
292.3722846846397
292.9573535709888
-207.49092692518255
292.37228468464434
-209.44510300707688
293.54863875635755
-209.09205773602164
292.37228468463866
292.9847798456227
292.98477984562413
-209.09205773601641
292.3722846846369
-204.459433272373
256.93422838239593
-249.82445392946755
292.3722846846396
292.9847798456252
-207.49092692518727
277.9311870322127
-201.12138505695876
292.8249362260884
284.5107965578542
292.9500653021202
271.4502254099899
294.1428861887001
295.276468675824
262.0714229689452
292.16234238564766
-202.23918811239423
295.0402665050526
275.6794053126232
-207.49092692518423
292.37228468463985
-207.4909269251834
292.37228468464036
284.7764350627626
-238.3624236172483
292.37228468464053
284.51079655784355
-202.23918811239398
292.9434021072398
262.1248885324144
-201.88072724093217
292.3722846846427
-210.61058687366955
295.54056672762704
-207.9322603348316
-209.6671906824314
-207.79764008120856
-205.4589937236991
292.3722846846424
-201.00987714714367
294.04852943484315
291.39311337834476
-210.87287689412483
292.3722846846422
276.3848484772162
218.0966313710378
292.9500653021189
267.7959825896238
293.19073785280796
291.84012312566483
295.5405667276269
-210.8728768941328
292.37228468463866
291.84012312566244
-213.32200747731892
292.1959969598503
-211.6600282622476
292.372284684642
292.3807819124241
-228.8741646134829
294.31637264630115
292.9847798456261
295.54056672762783
294.14288618870154
-213.4896729208529
280.84628396301787
-213.4513388147507
280.43149354410684
-213.41411017788474
292.35476468925293
271.6072608108324
271.60726081083124
-202.23918811239355
292.37228468463815
-211.61525707240983
292.37228468464554
292.9507319473553
-209.79767846469431
292.3722846846423
-211.93550213310604
292.37228468464093
292.9991962711818
248.72665412604576
-210.42247147322936
-211.21528943920387
292.37228468464406
270.5348547140053
-207.03145682929016
269.38369758896323
-234.19011454001807
293.6524129285683
291.8558301216643
292.94443200355835
261.8524704045527
243.82059402682643
291.67019506040424
292.416350503874
292.95073194735636
281.5424479664312
284.82187190706964
-204.6809507484153
291.9452851858644
-209.12439814415777
292.94340210724135
-210.6105868736596
293.60156693679124
291.50835291259494
284.8654965436704
291.7799887472404
-212.71874158104248
292.3722846846468
292.95006530212135
291.22717619633386
-208.82738421451904
292.54588097848625
292.37228468464355
271.60726081084846
272.561351525294
-207.03145682929323
294.3163726463004
-213.47226350045915
279.66935405411016
271.60726081087006
292.9444320035583
291.36684745757674
292.9847798456253
-201.12138505695842
292.3722846846416
264.35765499136886
277.21691800246316
-214.67452495254958
292.9434021072426
292.1623423856512
-201.12138505695822
292.1959969598544
-201.88072724093198
295.04820688243865
-207.03145682929124
292.37228468464446
283.3384377877169
292.95006530212015
-224.13346517137091
292.37228468464133
-215.08622155439915
292.37228468464264
293.19073785280585
293.190737852808
277.5628477731692
284.821871907083
-207.95850149609217
295.54056672762624
-211.89416044674167
290.0053728177905
292.1623423856542
-211.6152570724
295.04820688243825
271.6072608108729
-218.36622349512223
291.6963945730244
295.5405667276274
-201.88072724093206
292.1018371505276
-211.35237587176096
294.7895082077789
-213.4513388147483
292.37228468464355
-213.91537988938282
295.54056672762533
-201.12138505695827
-217.52383490199622
294.78087162788205
276.32665530248806
290.3885401932513
-210.78569452844204
292.3722846846486
292.6687725942718
-214.78286301658764
291.3356469092162
276.5670730707883
263.8068365260758
-213.76610596507163
291.33564690921577
292.95006530212
-207.03145682929164
290.56427519605666
-215.10570446450285
-204.71702855367838
293.54863875636227
-202.239188112394
-203.94772700908504
292.1959969598572
295.5405667276269
-225.92869851468282
292.3722846846462
281.5424479664416
292.9991962711865
292.98477984562857
266.06094115874413
-210.027731443935
291.2446392032448
-201.8807272409322
291.73847248210535
294.1428861887023
294.1428861887037
294.1428861887027
-205.63735540465228
295.54056672762704
294.1428861886992
294.1428861887018
294.1428861887015
293.2271136031811
294.1428861887044
294.1428861887007
294.1428861887017
-212.34060074071388
292.37228468464633
-209.61974908399316
292.9933051171666
274.80934371295234
294.14288618870165
294.14288618870086
294.36264459535136
292.95006530211845
275.5569530774443
292.6950189005944
292.99919627118607
294.1428861887016
294.1428861887016
294.3626445953497
292.37228468464554
292.9012486280966
294.1428861887015
-207.59601289086237
292.37228468464787
294.14288618870114
292.466494167095
294.06079406740804
294.3626445953482
292.37228468464855
295.54056672762664
292.37228468464576
294.1428861887003
-201.12138505695808
295.5405667276261
-204.45943327237373
273.4852602659498
-201.12138505695825
292.35476468926026
-201.1213850569585
292.37228468464696
295.04820688243774
284.5107965578546
294.1428861887018
-209.12439814415512
-208.38381098959456
292.3722846846465
294.1428861887029
-205.32725471639392
295.2967766261647
294.3626445953497
292.37228468464576
294.1428861887014
294.142886188701
294.1428861887029
294.1428861887007
294.14288618870364
-207.49092692518107
292.2673535934721
294.1428861887023
-204.91772949173279
-201.8807272409321
-214.46909932422804
-203.74859917128617
292.2673535934734
267.10655918739815
292.4664941670959
-202.23918811239332
292.372284684653
292.9507319473556
265.5640692497471
275.23613014455555
-201.12138505695827
292.5617034848574
-207.83765761434486
-208.34366309982005
292.37228468465116
291.94528518587185
-213.29288607243566
292.372284684655
294.1428861887012
293.19073785280585
291.8422382290766
294.28333581946174
292.39017405875904
-210.2803329670109
292.35476468926606
291.94528518587583
-205.63735540465356
295.5405667276272
294.3163726463005
295.5405667276269
-201.12138505695842
-201.0098771471435
294.4455115206052
294.0580884797107
-205.39323226160252
-201.00987714714358
-201.00987714714367
-201.00987714714364
-201.0098771471436
294.07452063752913
292.99919627118317
294.1428861887023
294.1428861887017
294.1428861887008
-207.03145682929048
295.5405667276267
294.1428861887004
294.14288618870273
-205.63735540465194
-210.80234822738524
295.54056672762624
294.1428861887044
293.36649577890756
294.1428861887017
294.3626445953493
294.1428861887018
293.0756093465929
293.85711069166524
294.1428861887019
294.142886188703
294.14288618870245
-205.63735540465274
-203.74859917128614
295.5405667276253
294.14288618870177
277.9867211162104
-206.14288930833612
294.78087162788137
294.14288618870216
294.1428861887028
294.1428861887021
293.7708373758499
294.1428861887042
294.14288618870285
294.1428861887006
-212.1626727012228
295.5405667276256
293.4660832595954
293.07560934659955
295.54056672762687
284.8218719070838
265.31823005007556
260.8365597736362
291.67984065277966
-212.07699454199653
294.7808716278798
292.95423885720015
-211.65013164269303
291.06079816229766
290.7350892500201
292.9847798456263
292.96755691722507
-201.12138505695822
291.7384724821179
292.39973104419846
292.81539319320325
294.36264459534885
291.6226146642702
278.5710397319468
-207.03145682929173
292.3722846846544
266.4095701352597
276.09218476662534
-210.6105868736569
292.5458809784905
-216.39326623329302
292.3722846846589
-207.49092692518096
292.11665296946455
277.4520264275421
292.645082292867
-210.02773144393507
-207.64523531073218
282.3670912544548
-218.89351024912852
290.9421992416216
291.2271761963297
292.984779845623
291.7467041129041
-213.1111114912864
292.5617034848572
-208.19639156139246
292.3547646892706
-203.24149075912803
292.35476468927294
-213.76610596507902
292.35476468927124
-206.54699005230052
291.06079816230636
295.540566727626
295.54056672762584
294.14288618870347
294.14288618870404
294.14288618870336
294.1428861887049
294.14288618870273
294.28333581946504
294.2833358194622
-205.39323226160306
295.5405667276261
292.26706676293253
-205.71666418053488
293.60156693680517
294.28333581946066
-201.12138505695785
295.54056672762505
294.28333581946487
293.4115989753592
-203.80560237700303
295.54056672762516
-204.44652172795566
295.5405667276265
294.2833358194608
293.8688985336405
294.28333581946384
-210.88058588112415
295.5405667276255
294.28333581946237
293.80031699982624
294.2833358194631
292.4664941671044
294.2833358194647
-203.8056023770021
295.540566727626
294.06372360868085
294.28333581946407
294.2833358194657
-203.94772700908587
295.5405667276267
294.2833358194634
294.28333581946475
276.7954883288863
294.28333581946083
294.2833358194643
294.2833358194625
-227.86587463949655
295.5405667276264
-204.4465217279547
295.5405667276263
-201.00987714714347
295.54056672762607
294.28333581946134
-201.12138505695796
295.5405667276267
294.2833358194617
-204.97283515643664
-205.5403305265537
-218.6751489070418
-203.24149075912754
-204.97283515643812
-202.6217207552335
-203.2414907591275
295.0402665050493
-201.12138505695805
295.54056672762647
294.28333581946185
294.2833358194636
294.2833358194647
295.0402665050501
288.73014940313215
294.2833358194622
294.0637236086811
294.2833358194645
-205.71666418053755
-203.7485991712854
294.2833358194636
-205.71666418053928
-205.71666418053647
-201.0098771471434
295.5405667276261
-205.71666418053752
295.5405667276275
-201.12138505695768
-205.716664180538
295.540566727626
291.3504608393932
293.70409026243044
-203.80560237700323
295.54056672762636
294.28333581946276
-201.1213850569577
295.54056672762647
294.28333581946254
294.2833358194627
294.2833358194614
-203.80560237700294
-203.74859917128515
295.5405667276267
-222.72218289354257
-201.00987714714338
295.5533677590174
278.3300655959523
294.28333581946544
-204.9728351564367
295.54056672762516
-211.57258245290882
295.540566727626
292.46649416710807
-203.8056023770015
-201.0098771471432
-201.00987714714333
295.5405667276256
294.28333581946356
294.2833358194643
294.28333581946447
294.2833358194615
294.2833358194617
294.2833358194626
294.2833358194636
292.58075385212084
293.8003169998294
-205.71666418053888
295.5405667276255
280.5779836032518
292.4664941671051
294.28333581946197
-204.44652172795693
295.5405667276254
-204.97283515643753
-201.00987714714338
295.31774846123443
286.3725259981674
294.2833358194623
294.28333581946237
294.28333581946333
-203.80560237700283
295.5405667276257
294.28333581946185
294.2833358194624
-205.71666418053738
294.283335819463
292.4664941671073
294.2833358194628
294.28333581946356
294.283335819462
294.28333581946197
294.2833358194646
-203.8056023770026
295.29677662616587
-201.00987714714344
295.5405667276261
294.2833358194612
294.283335819465
294.283335819463
-205.71666418053798
295.5405667276249
-209.77645494988548
295.54056672762624
-205.13205312182333
295.2967766261647
-205.71666418053957
-204.15160913616518
-204.45943327237447
295.54056672762516
-203.94772700908612
288.0030226904797
-205.71666418053667
295.54056672762584
-205.71666418053837
-204.45943327237362
-204.4594332723738
295.5405667276258
294.28333581946293
-204.44652172795617
295.54056672762636
-205.71666418053513
295.54056672762647
294.2833358194619
-205.71666418054053
-203.24149075912754
295.540566727626
-207.59601289084947
-203.74859917128586
-202.6217207552331
295.553367759019
-205.71666418053786
295.54056672762624
-205.71666418053996
291.46904874513666
294.28333581946254
294.2833358194595
294.1428861887011
294.1428861887032
294.05808847971116
-205.32725471639253
295.54056672762596
294.14288618870273
293.2235410010148
294.1428861887016
288.95917406548574
294.1428861887005
294.1428861887018
-205.32725471639418
295.5405667276262
-205.71451130327583
-201.00987714714321
293.6015669368097
293.8571106916631
295.5405667276257
294.2833358194607
294.1428861887012
-205.39323226160542
-204.45943327237498
295.5405667276253
-205.716664180539
294.2833358194598
-210.26507054941445
295.3177484612345
294.28333581946316
294.14288618870154
294.2833358194627
294.14288618870137
294.05808847970786
-204.4374754356456
294.40800444272713
294.14288618869966
-204.91772949173196
295.5405667276256
294.14288618870097
294.1428861887007
-201.12138505695765
293.60156693680545
294.28333581946185
-210.94028145676626
294.14288618870273
294.14288618870137
294.14288618870364
292.46649416711017
294.1428861886997
294.1428861887003
294.0580884797108
294.1428861887007
294.1428861886993
294.2833358194626
294.14288618870114
294.14288618870125
294.14288618870245
294.1428861887019
294.1428861887012
295.54056672762476
294.28333581946157
293.41159897535925
294.14288618870046
294.1428861886986
294.1428861886994
293.1907378528049
293.8571106916645
294.283335819461
292.9039086766032
294.14288618870114
294.2833358194613
294.14288618870125
293.19073785280244
-203.80560237700362
271.79242476575905
-201.12138505695765
-206.4633085496785
-201.0098771471433
295.5405667276248
294.1428861887019
294.1428861886995
294.3626445953466
294.142886188699
294.1428861887027
294.14288618869995
-203.80560237700374
295.55336775901844
295.5405667276252
294.14288618869966
294.142886188698
-204.91772949173347
-203.74859917128572
-201.00987714714344
295.55336775901674
-210.26507054941433
295.54056672762556
294.14288618870165
-205.6373554046531
-204.15160913616586
295.55336775901833
294.14288618870097
294.1428861887019
294.1428861887015
294.1428861887025
294.14288618870125
294.14288618870063
294.1428861887
294.14288618870165
294.1428861886995
-201.00987714714364
295.54056672762437
294.1428861887021
294.14288618870086
-205.71666418053923
293.7842441907368
289.5310609514534
293.676254168797
294.14288618869915
294.1428861886996
-204.91772949173364
295.540566727625
294.1428861886992
294.1428861887025
285.9229468331466
294.2833358194601
294.1428861887025
294.14288618870023
294.1428861887012
294.14288618870347
288.3712660641352
294.1428861887027
278.6817310419755
294.1428861887016
294.0607940674033
294.1428861887007
294.1428861887019
291.20494362804556
292.6950189006115
-206.58840721934592
-204.15160913616543
295.55336775901753
295.0482068824337
294.1428861887019
294.1428861887038
294.1428861887014
294.1428861887
294.14288618870194
294.14288618870097
293.2235410010233
294.14288618870034
294.14288618869904
294.14288618870194
-201.12138505695782
295.5405667276261
294.1428861887024
294.14288618869836
292.69501890061065
294.1428861886986
294.14288618870165
293.22711360317555
292.9492213725088
294.1428861887028
294.1428861887006
294.14288618870137
294.1428861887019
294.14288618870063
294.1428861887006
293.8460491762805
295.0482068824346
294.14288618870074
294.14288618870006
294.1428861887026
294.14288618870125
294.06079406740383
294.14288618869995
294.14288618870006
288.3712660641311
294.1428861887019
295.54056672762545
294.3626445953491
293.5300534173458
294.1428861887002
294.14288618870194
294.05808847970985
294.1428861887006
294.06079406740326
294.14288618870177
295.54056672762493
294.14288618870233
293.68697693304307
294.0607940674057
294.1428861886996
-203.80560237700254
295.5405667276253
294.14288618870154
294.1428861887006
294.1428861887
-205.63735540465095
-201.00987714714327
295.5533677590171
294.1428861887005
294.06079406740565
294.1428861887022
294.362644595347
292.26517074145045
294.3626445953496
294.14288618870086
294.14288618869887
294.1428861887037
-201.00987714714313
295.5405667276253
294.1428861887015
295.04026650504596
-205.71451130327503
295.5405667276244
292.67916037005125
294.1428861886977
294.14288618869944
294.2833358194624
-201.1213850569572
-202.62172075523293
290.3619471193132
294.1428861886984
294.2833358194618
293.1907378528066
294.14288618870245
294.14288618870086
294.1428861886992
294.1428861886983
294.1428861887003
294.142886188701
294.14288618869926
294.14288618870097
294.14288618869955
-204.954999687622
-201.00987714714321
295.55336775901816
271.2756373429555
-201.12138505695756
295.5533677590178
294.1428861886993
294.142886188701
294.1428861886998
291.873112710333
-204.9177294917326
295.55336775901765
294.1428861886987
294.14288618869944
294.14288618870023
288.3712660641509
293.190737852804
293.84604917628434
-201.12138505695745
295.5533677590173
-204.9177294917345
295.5533677590182
294.1428861886996
294.0580884797072
294.05808847970803
-201.00987714714307
295.54056672762533
294.0607940674047
294.1428861887013
294.14288618870074
-204.9177294917343
295.54056672762607
294.14288618869926
294.1428861887001
294.0607940674023
-205.6373554046538
-208.71220853428227
289.84102898284044
-210.5825288062929
295.54056672762454
294.1428861887015
-201.1213850569572
295.54056672762505
292.4491103430558
292.28274652476455
294.1428861887005
294.14288618870154
-205.63735540465035
295.5533677590167
288.360382669636
-201.12138505695725
282.28950164712666
294.1428861887009
294.14288618870046
294.1428861887027
294.1428861886991
-254.75423013315668
295.55336775901674
292.95006530211145
294.14288618869955
291.27818861571166
294.1428861887002
294.14288618869926
294.1428861887005
-205.32725471639446
-204.15160913616498
295.5405667276253
294.1428861886976
292.6791603700523
-205.63735540465404
295.55336775901793
294.3626445953466
294.1428861887004
292.6828221756502
294.1428861886987
-201.00987714714321
294.0580884797049
-201.96426871086092
295.54056672762573
294.14288618870006
295.048206882432
294.14288618869983
-207.0980801477917
295.5405667276251
294.14288618869836
294.1428861886998
-204.91772949173279
295.3177484612334
294.1428861887
-204.91772949173418
295.54056672762493
294.1428861887014
295.5405667276245
-205.32725471639478
295.5405667276248
292.4491103430515
294.0580884797081
294.14288618869955
293.22354100101853
-201.12138505695728
-203.2414907591277
295.5405667276238
294.14288618870046
294.14288618870063
-205.3836992078935
295.5533677590168
-201.12138505695742
-204.15160913616637
295.5533677590175
294.14288618869847
294.1428861887002
294.1428861886981
294.14288618870097
294.1428861886974
294.1428861887027
294.14288618869995
-205.63735540465376
279.1122589968273
294.1428861887011
294.14288618870086
295.5533677590168
-205.32725471639375
295.5533677590177
294.14288618869784
-205.63735540465407
-201.00987714714316
-203.2414907591274
-201.88072724093095
295.5405667276246
294.14288618869955
-205.63735540465146
295.54056672762493
294.1428861887008
294.1428861886994
294.1428861887002
294.14288618869944
294.1428861886979
294.1428861887013
292.67916037005665
294.14288618869983
294.2833358194603
294.1428861886984
292.4905040221697
274.71005370398143
294.1428861886983
-204.91772949173432
295.5405667276256
294.1428861886989
294.14288618869955
292.6828221756493
293.8460491762823
294.14288618870086
294.1428861886991
294.14288618870114
294.14288618870137
-201.12138505695722
295.29677662616473
293.2235410010186
294.2833358194581
294.1428861887007
294.05808847970695
291.69047634889546
294.14288618869944
-205.63735540465296
295.311227705079
294.14288618870006
-210.39679697156913
295.55336775901725
294.1428861887002
-205.637355404655
295.5533677590165
294.14288618870046
294.14288618870165
294.1428861886993
294.1428861887001
-201.0098771471433
295.54056672762385
294.14288618869995
295.540566727624
294.1428861886997
294.14288618870097
-213.26673740038885
295.540566727625
294.14288618869983
294.05932812618346
-205.32725471639327
295.54056672762397
292.6950189006143
294.1428861887018
294.14288618870063
294.14288618870086
293.84604917628286
294.1428861887
294.14288618869887
293.22354100101796
291.66166405787175
294.1428861886994
294.1428861886994
288.95917406547426
293.84604917628445
294.1428861887011
295.0482068824325
294.3626445953475
-205.32725471639242
294.14288618870137
294.1428861887008
294.14288618870125
-217.12489927231394
295.5533677590171
-204.91772949173335
295.5533677590177
292.67916037005597
294.1428861886987
294.14288618869995
294.1428861887016
294.14288618870177
294.142886188699
294.1428861886996
294.1428861886994
294.2833358194566
-201.12138505695717
295.553367759017
294.1428861887005
294.14288618869705
294.1428861887003
-201.00987714714302
295.5405667276246
-210.8167350726264
295.54056672762374
-205.32725471639358
295.54056672762385
294.1428861887003
294.1428861887015
294.1428861886991
294.14288618870177
294.1428861886991
294.1428861887018
285.8110754285665
290.9099554511285
-201.12138505695725
285.5006976223442
292.69501890061406
-210.6776948247962
-202.62172075523327
-203.74859917128646
295.5533677590172
294.28333581945583
275.9342589929206
294.0580884797067
-204.9177294917336
295.55336775901753
294.06079406740156
294.14288618869847
-205.32725471639347
295.55336775901696
-205.32725471639316
295.55336775901674
292.68282217565195
292.20770662982375
294.14288618870125
-205.32725471639415
295.55336775901674
294.06079406740054
294.1428861887016
294.1428861887001
294.1428861886999
293.0059003802258
291.6616640578682
294.1428861886996
294.14288618869915
292.67916037006677
285.5102981996114
294.14288618870125
294.1428861887004
294.1428861887021
-201.00987714714307
-204.38238334087734
295.5405667276231
293.8460491762842
294.14288618870233
280.91127122368283
293.67625416879775
292.61386146864334
294.0580884797067
-209.99156127158057
-218.156284700938
284.3449378954928
284.77210667346014
286.94694981968615
294.362644595345
286.11460280836286
292.20770662982864
-201.12138505695683
244.06796629669878
-213.29306141294256
-236.31525850036743
269.2753472568263
-204.91772949173372
-222.5865987120735
295.04820688243154
294.14288618870154
294.14288618869693
294.1428861887012
292.9729528331485
294.0580884797042
294.14288618869796
294.14288618869864
294.1428861887016
294.1428861886982
292.68282217564905
292.68282217565013
-201.0098771471431
-202.62172075523208
293.22711360318783
-210.3321808363316
-209.35323824798914
295.5533677590181
265.27879123157726
294.1428861886978
294.1428861886981
288.37126606414716
294.1428861887019
-210.34108560289235
295.553367759017
-201.12138505695683
-201.0098771471431
293.4848684236231
288.3712660641618
293.8571106916632
294.14288618869733
294.1428861887016
294.1428861887009
294.36264459534266
294.14288618869904
-204.91772949173406
276.2305443361596
292.4664941671158
273.20323403560366
294.1428861886988
294.1428861886975
294.1428861887
294.36264459534414
294.14288618869983
294.1428861886999
294.14288618870154
285.51553805293264
294.1428861887012
294.1428861886988
285.5895627096879
294.14288618869915
294.1428861887003
280.7021634724018
294.1428861887006
294.1428861887014
281.194836599073
-204.97283515643926
-201.0098771471431
285.736707526103
294.0580884797041
-204.91772949173406
295.5533677590167
294.14288618869824
288.3712660641557
-205.6373554046541
285.7367075261093
-205.32725471639412
278.37224696173723
285.5301902743502
292.69501890061235
-201.1213850569569
283.8450778812111
292.9847798456251
294.1428861887016
-210.88058588109442
295.30143110218756
-201.00987714714296
-206.2010865610332
293.2271136031913
-203.80560237700323
-201.12138505695677
295.5405667276235
294.1428861886973
295.0402665050423
-214.40904722127175
-203.74859917128654
273.37822539971563
-205.32725471639395
295.5533677590162
294.1428861886981
295.5533677590176
293.2235410010165
-205.3272547163944
266.07547966876126
295.04820688242984
294.1428861886977
293.2235410010193
294.14288618869887
294.1428861887
294.14288618869807
294.28333581945566
-210.86495680903008
-225.04748163207393
-246.41758168037654
295.55336775901674
-225.05222697200122
295.5533677590157
294.14288618869904
285.6431975336426
-205.7206929475209
-203.24149075912752
295.55336775901657
-206.85510787865357
291.9422727936221
285.76911283397527
294.1428861886986
294.1428861886972
294.14288618869983
-204.91772949173384
-201.8807272409308
295.05343206014714
294.1428861886964
294.14288618869836
292.39973104420716
290.9724809328827
-204.9177294917347
-201.00987714714302
295.54056672762357
294.14288618869904
294.14288618869523
294.1428861886981
-219.49548131863384
295.5405667276241
294.1428861886989
291.6616640578771
294.1428861886992
294.1428861887017
294.14288618869784
294.1428861886995
294.14288618869864
274.4409537877015
294.14288618869966
294.14288618869904
294.1428861887005
294.1428861886985
-203.40517109280393
274.0378437171987
294.3626445953475
294.14288618869836
289.03714965897257
294.14288618869887
279.22593711721584
294.1428861887005
280.9309258147241
285.5895627096972
285.5895627096938
-213.9185439020485
284.4339420358756
-219.5592078246098
286.0337930394353
293.8460491762832
294.0607940674003
294.1428861887
285.7119442784012
-201.12138505695648
-243.25316802517116
284.43394203588696
273.0778466318002
292.6828221756571
-210.34108560289113
295.5405667276244
294.1428861887008
271.5489012709657
-205.86800527186625
283.0892728313738
285.4958881046858
-204.15160913616617
295.54056672762357
294.2833358194561
292.7287748269049
294.1428861887002
294.14288618869904
293.07560934661
294.14288618869875
294.1428861886973
-203.80560237700257
295.54056672762346
294.1428861886977
292.4491103430633
294.06079406740093
289.242686435378
294.1428861887004
294.05808847970314
-205.32725471639526
295.55336775901634
294.1428861886994
-207.76903331022623
295.5533677590169
-205.637355404654
286.9589992333183
293.8571106916643
294.14288618870154
294.1428861887005
294.3626445953465
294.1428861887006
294.1428861886992
-210.0597022190738
295.30143110218853
-205.32725471639523
279.015798636765
294.14288618870086
294.1428861886983
294.1428861886977
293.8460491762823
294.14288618869864
294.14288618869784
294.14288618870046
294.14288618869847
282.99351614355777
-205.6373554046558
295.5533677590162
295.04820688242984
294.1428861887026
294.1428861886971
-208.71268666644673
-201.96426871086064
-204.1516091361661
295.5405667276243
294.1428861887002
295.5405667276232
294.131994728133
277.6179366597697
294.14288618870034
294.1428861886984
294.0607940673992
294.0580884797027
294.1428861886998
294.14288618869824
271.52892706710554
289.8804687730313
294.1428861886984
-201.12138505695668
281.920589800373
292.6828221756531
294.1428861886994
294.1428861886992
294.1428861886974
278.1580034674365
294.1428861886993
294.14288618869915
294.1428861886978
294.1428861886978
294.1428861886995
294.1428861886995
294.2833358194571
294.1428861886993
294.1428861887003
-201.1213850569564
287.2712860757235
294.14288618870074
294.1428861886977
294.14288618869915
294.1428861887029
294.1428861886973
285.535033258947
294.14288618870154
285.6431975336838
294.14288618869625
291.66166405787743
-205.327254716396
288.2980478554534
286.3619265699209
294.1428861886998
287.06351047508423
-204.9177294917324
272.1254285282164
-202.62172075523273
295.54056672762397
-201.12138505695603
294.2110088298849
294.1428861886981
294.14288618869716
294.142886188698
294.1428861886992
294.1428861886997
294.14288618869944
294.28333581945753
294.36264459534743
294.1428861887011
294.14288618869983
294.1428861887007
294.14288618870165
294.14288618869796
294.14288618869875
294.1428861886974
294.1428861886968
-205.63735540465493
284.4049384948225
294.1428861886988
-204.91772949173313
295.5533677590156
290.4479266159211
294.14288618869944
294.1428861886974
294.1428861886995
289.8804687730454
294.1428861886994
-224.42611766365206
-203.7485991712866
-202.62172075523287
284.4005061521834
294.14288618869836
291.70357911705224
294.1428861887008
293.8571106916648
294.1428861887006
294.1428861886998
-213.74747368396618
295.540566727623
294.14288618870006
290.68681978377043
294.1428861886984
294.14288618869887
294.14288618870063
294.1428861887006
-201.12138505695643
295.5405667276223
-209.3689740990373
-201.88072724093078
295.5405667276229
295.5405667276235
294.1428861886983
-205.39323226160994
295.54056672762266
294.14288618870125
290.4479266159192
-217.18141353951526
295.54056672762283
294.1428861886986
294.14288618869784
294.1428861886991
-201.00987714714302
295.540566727623
294.14288618869864
294.0607940673999
294.14288618869915
294.14288618869836
-204.44652172795685
-221.15040282199544
-207.35680932245202
295.5405667276229
294.1428861886991
294.1054571916477
-201.12138505695668
293.2271136031996
292.68282217565496
274.3523506652899
-205.63735540465538
275.9534426431183
294.14288618869875
-221.33830070307982
282.1145760210147
-205.32725471639577
284.3259282248998
294.1428861886993
294.14288618869585
294.1428861887001
294.3626445953446
294.0607940673978
294.1428861886979
294.1428861886996
294.2833358194548
294.1428861886983
-204.9177294917328
294.06079406739804
-205.71451130328145
-204.15160913616631
295.54056672762323
291.0139603039655
294.1428861886987
294.1428861886972
294.06079406739804
294.14288618869756
294.1428861886964
294.28333581945225
294.14288618869847
-205.3272547163956
295.540566727624
294.14288618869955
294.06079406739684
-208.39806937474103
-204.15160913616614
295.5405667276235
294.1428861886967
292.6527882802502
274.87874224929703
294.1428861886985
294.14288618869836
294.14288618869693
294.1428861886994
294.1428861887001
284.4339420358848
292.72877482690916
277.7947300914663
294.1428861886986
292.7287748269095
288.08472903932216
289.5449012574678
293.84604917628684
294.14288618869654
292.2077066298321
294.14288618869665
251.77830243058474
285.6431975336639
294.1428861886969
289.8804687730373
294.1428861886977
-208.44106392882938
-239.9633020164632
-203.7485991712863
274.72465998422405
-220.8061534931644
262.88975892272384
294.14288618869654
294.1428861886992
294.14288618869915
-204.15160913616606
291.0607981623914
295.54056672762334
-210.79777667436392
288.6867986178901
268.94790536914485
283.7962673466768
-219.94365969051682
292.1006963507073
290.03441463433336
278.8347180992462
-239.45594612837954
292.1006963507057
-216.9194635541026
-220.95010270950894
292.11936296150657
279.73391724286324
283.18084143979
283.79626734667954
290.60031230010253
290.60031230010236
290.60031230010225
290.855227903022
289.4682273655676
-215.85980715518176
295.04820688242944
291.83551822183574
-214.07060944629063
289.79625296614006
-209.39968769989744
287.1925914499213
290.60031230010094
-212.57454906275655
292.10069635070425
284.00512327822304
290.60031230010424
290.85522790301286
289.8833175073511
292.6828221756547
-210.46919969914586
-207.8993036492928
256.4798298559944
289.081601013988
283.5705678001392
-227.57758666248876
292.1006963507096
-239.63869050086757
-209.33317504751585
291.0607981623927
-213.3117567595324
-204.151609136167
250.6511140793807
-204.9177294917314
295.54056672762204
290.4271961570021
-204.91772949173298
295.54056672762187
290.4790526268348
290.46858771245235
293.10249850715087
290.3871450693345
295.5405667276225
287.9690726828765
270.4966759361469
290.38714506934514
295.5405667276225
-205.25230062512844
295.317748461229
290.3871450693434
274.4337667234421
294.1428861886993
294.14288618869756
289.1028733778019
294.14288618869955
294.0607940673974
294.14288618869836
-205.6373554046549
270.8846020750082
294.14288618870006
-201.121385056956
288.03917960311804
294.14288618869915
294.14288618869995
294.14288618870086
294.14288618870216
294.14288618869875
294.1428861886977
294.14288618870006
290.3871450693399
-244.41194597856128
294.14288618869875
-211.5181555701322
-212.97784721677354
-225.59075396935674
-272.33354338830804
-233.7533351631101
-213.31175675954384
-233.06817790303577
-212.5745490627589
-201.00987714714273
-201.00987714714293
295.54056672762255
294.142886188697
294.14288618869955
289.1890079343175
282.51681365365516
-201.8807272409306
295.5405667276218
294.1428861886975
294.283335819453
294.14288618869796
294.1428861886973
292.10069635071073
294.1428861886986
294.1428861886972
294.1428861886951
294.14288618870034
-205.32725471639557
274.70204178845404
294.14288618869966
-205.63735540465373
274.97304590508054
294.14288618870023
294.0607940673962
294.1428861886953
294.1428861887006
294.14288618870006
294.14288618869716
294.05808847969865
294.28333581945265
294.1428861886973
294.142886188697
-239.5710371844815
295.301431102187
258.7032191375841
-221.4722132531572
277.1691071577872
294.14288618869915
294.14288618869494
294.1428861886976
292.9542388571954
294.14288618869574
294.06079406739843
294.1428861886981
289.1045668221416
294.1428861886971
294.14288618869676
294.1428861886976
285.91263830454415
294.14288618869625
-201.9642687108609
295.5405667276226
-201.8807272409305
295.54056672762295
294.28333581945554
-205.32725471639506
295.5405667276223
284.5469592587509
294.2833358194521
-205.32725471639475
295.5405667276216
295.54056672762255
294.14288618869494
294.14288618869585
294.14288618869625
289.1513411324794
294.142886188698
295.54056672762255
294.1428861886974
292.7287748269079
-224.4163470077986
266.87132585118525
294.14288618869875
294.1428861886997
290.4419681469184
294.1428861886968
294.1428861886983
-210.62841217074197
282.4442805171328
294.3626445953456
295.04820688242734
294.1428861886989
294.1428861886978
290.4093432764625
294.1428861886983
294.1428861886981
294.14288618869944
294.1428861886956
-212.76951369606908
295.55336775901566
294.142886188699
-204.91772949173188
279.3022441632444
-210.54109850879664
294.14288618869756
292.66877259428054
294.1428861886981
294.14288618869796
294.1428861886973
294.14288618869926
-201.00987714714287
295.04820688242654
-209.65787520005955
295.5405667276223
294.1428861886989
294.14288618869875
294.14288618869796
-205.63735540465427
-201.88072724093055
295.54056672762164
294.14288618869693
-201.12138505695603
295.5405667276228
294.14288618869807
294.14288618869773
272.27668830728805
294.14288618869716
294.1428861886964
-204.91772949173287
295.30143110218694
-205.3272547163936
273.5205321616945
-205.63735540465564
277.2339610240464
295.04820688242637
294.1428861886982
-207.03145682929488
294.1428861886989
274.4354033898505
-203.9477270090898
277.1222008457804
-204.9177294917339
279.7240985763431
294.14288618869944
294.28333581945566
295.0482068824254
294.06079406740076
294.14288618869955
294.1428861886978
-210.02773144390068
295.0482068824263
294.1428861886977
294.14288618869864
295.0482068824254
294.14288618869875
286.9093975951295
286.4125706230528
294.14288618869773
290.4093432764606
286.4125706230487
-201.00987714714267
295.54056672762164
294.14288618869597
294.1428861886968
291.66166405788425
293.6869769330455
294.14288618869654
294.14288618869557
-212.3291127629907
295.5405667276223
294.1428861886946
294.14288618869733
294.14288618869637
295.54056672762323
294.1428861886979
294.1428861886981
294.1428861887013
294.8943192371758
288.2192508959926
294.0607940673965
294.05808847969905
-205.63735540465686
267.5111752999734
294.1428861886962
294.14288618869773
294.1428861886951
294.142886188697
-237.40152695689306
263.7087667883336
294.1428861886971
294.1428861886975
294.14288618869557
294.1428861886979
294.1428861886966
293.84604917628644
292.6950189006231
294.1428861886988
-227.45746006169108
-214.52935945880182
262.0565374291435
294.1428861886957
291.21870064394426
294.1428861886987
294.14288618869716
294.14288618869506
294.1428861886974
-201.1213850569558
-226.5089133069962
-203.2414907591273
-208.46911744782275
-201.0098771471428
295.04820688242614
294.14288618869807
-204.9728351564407
295.54056672762135
294.14288618869534
294.14288618869875
-201.12138505695575
295.3014311021863
294.1428861886951
294.14288618869983
293.84604917628343
284.5469592587439
291.6031128602894
294.14288618869784
294.14288618869494
-201.12138505695563
-201.0098771471426
294.14288618869534
286.6633011466352
294.14288618869637
295.55336775901526
-204.91772949173634
294.14288618869756
294.0580884796971
294.1428861886946
294.1428861886966
294.14288618869847
289.93528676056155
-234.98478386617785
284.8380995552282
292.4664941671314
289.97009506556685
288.8992969339307
294.14288618869693
292.66877259427866
294.14288618869637
294.14288618869745
-209.01968929825944
-223.1231143791148
279.7240985763105
284.1364948439305
293.84604917628513
-204.91772949173497
258.84118442918
294.142886188694
295.0482068824249
-203.40517109280455
279.72409857631476
294.1428861886963
-201.00987714714276
295.54056672762215
294.1428861886986
294.283335819454
294.14288618869404
-201.12138505695606
-201.96426871086106
-204.1516091361675
-204.15160913616705
295.5405667276224
289.716073007638
-204.91772949173566
-202.62172075523216
288.2557035793565
294.1428861886964
294.1428861886956
294.14288618869784
294.14288618869597
294.14288618869637
-201.12138505695572
-203.74859917128552
-217.49403149887038
-226.55448879872455
269.4002715304505
294.0568498478457
-205.72069294752265
