-208.11655144436227
-204.1516091361627
-201.00987714714506
-201.00987714714492
-210.63469756556324
-205.51200087027902
-201.12138505696103
-201.12138505696112
-201.0098771471448
-211.87385351280193
-210.79209031608397
-205.73745058880175
-206.19196871523093
-210.0167169906274
-213.90916476498492
-202.23918811239997
-206.89209149610315
-210.59077703158493
-216.32528451675188
-201.00987714714498
-201.00987714714498
-201.88072724093433
-211.33213696824234
-210.63462647335766
-205.7558608362702
-202.23918811239946
-203.36140520136652
-211.10301888394866
-214.65043071350513
-201.12138505696134
-206.74199642258355
-201.00987714714506
291.3922605182309
-201.12138505696117
-201.1213850569611
-202.07374530726977
-211.42347352136835
-203.36140520136706
-201.88072724093436
-202.23918811240003
293.676254168792
-202.0737453072705
-214.24029187041393
-201.12138505696103
-202.07374530727012
-201.12138505696117
-211.0266145347142
-201.12138505696117
-203.9738413004039
-204.43747543564584
-201.00987714714492
-202.23918811239986
-210.44056532212002
-201.12138505696137
-206.10904062773164
-201.12138505696123
-202.2391881123999
-211.39258546429375
294.95335279699754
-202.23918811239986
-201.12138505696123
-211.6521211839118
-201.12138505696151
-201.12138505696115
-211.94778765595174
-211.87063923440718
-213.0744325035671
-201.12138505696115
-206.18101012748883
-202.07374530726995
-201.12138505696112
-206.3729459356462
-203.97384130040408
-201.12138505696126
-201.12138505696117
-201.12138505696112
-201.12138505696134
-201.1213850569613
-204.23318157401152
-201.121385056961
-211.9770454819765
-208.34622001713765
-201.1213850569611
-201.12138505696123
-201.12138505696103
-201.12138505696123
-202.2391881123997
-205.38342274686815
-206.81979585065983
-202.23918811239963
-202.23918811239992
-201.12138505696095
-201.12138505696097
-201.12138505696095
-204.7206651447025
-201.1213850569611
-205.7374505888016
-201.12138505696134
-208.41789164905472
-202.23918811239983
-211.40395390214917
-202.23918811240011
-201.12138505696123
-204.23318157401235
-208.41063468903957
-201.12138505696095
-201.1213850569611
-202.07374530727026
-201.12138505696151
-202.23918811239895
-202.23918811239957
-202.23918811239952
-202.2391881123997
-201.12138505696106
-202.07374530727
-201.12138505696106
-202.23918811239943
-202.07374530726977
-202.07374530726997
-201.1213850569609
-201.12138505696117
-201.12138505696115
-202.0737453072696
-204.7206651447051
-201.12138505696092
-201.00987714714495
-210.6856519946059
-202.23918811239975
-201.12138505696097
-204.2331815740116
-211.2886409370118
-204.64590094049274
-201.12138505696126
-201.12138505696117
-201.12138505696117
-201.12138505696097
-201.12138505696112
-201.12138505696086
-201.12138505696115
-201.12138505696103
-201.12138505696097
-201.12138505696103
-201.1213850569609
-204.23318157401198
-201.12138505696112
-201.12138505696083
-201.12138505696075
-205.56034765028406
-201.12138505696092
-201.1213850569612
-201.12138505696123
-201.12138505696115
-204.72066514470512
-201.12138505696092
-201.12138505696097
-201.1213850569612
-202.07374530726966
-201.12138505696106
-202.0737453072698
-201.1213850569612
-201.12138505696115
-204.72066514470376
-212.57681339697913
294.0745206375153
-208.0314861304448
-212.48853623470757
-204.93042332576417
-210.19549434298503
-207.06028646695643
-208.03148613044212
-206.62734952452516
294.5410062763038
-210.58267300676798
-210.5360700782781
292.7829906123688
-208.03148613044502
-211.0816395271836
-208.0314861304473
-208.24460319691676
-212.29765076168067
-218.5488149086756
-228.80205377999403
-206.49799801366603
-223.16974712781956
-205.18545749750763
-213.95623532900285
-206.48269790126335
-212.2976507616818
-212.58093699720254
-207.59280085354825
293.4124042342996
-231.22531457465183
-211.98108560234795
292.1166529693519
-202.62172075523566
-207.06028646695438
292.7835294074088
-204.780048868346
294.78087162789365
-213.80252908863784
293.21720115221933
-202.23918811239955
292.29161374153296
-211.03202906374162
295.0402665050684
-201.12138505696097
-205.80036134361313
-206.6878976945806
-207.86710651870396
-207.5928008535484
-211.79095525872955
-207.54620213630855
-206.6878976945812
-206.12844036398508
-206.6878976945814
-205.91715189648633
-207.3445674914184
-205.9171518964851
293.35676419390336
-207.34456749141847
293.7699056961993
-207.34456749141805
-210.18300007643504
295.0421618053872
-207.3445674914185
-207.16891942994997
-207.38555112827382
-208.12018869954483
-242.1613992771304
-207.4621775026051
-207.38555112827166
-203.94772700907876
-220.60592577051884
293.6239446474729
290.005633292448
-208.81342662651036
-207.576342001553
-206.45029486864485
293.769905696198
-218.94450657010393
-209.00613404096958
-217.76876683902452
-217.79238709846334
-274.59710518815666
-336.8347154152898
280.4484642721979
-228.215924901054
-143.69302315843933
-264.90087284736256
-314.5654917545879
292.2673535933668
-212.52556308227065
-140.80087819749204
-291.37550430941985
-137.7455595740287
295.5533677590239
-210.61080763510796
292.3722846845516
233.5032708215246
-248.0696992714264
-294.11481601453846
-204.38238334086378
291.6963945729009
-138.38634125138228
-136.93223659224512
-141.9128189759124
261.75899423191106
294.4867914679252
-213.11162705085744
-150.1497334688331
-306.6045724732919
267.18829135086355
-356.38500605462224
290.0877557289724
-211.48989676589625
-210.1615967168256
290.3577042851597
-213.27689253643726
287.333760375295
-213.29662405234518
-211.8130743801244
289.8039328605535
285.5397779718005
290.0877557289748
-220.4147906800095
-212.9846148759749
-234.48082476728146
259.57747424786874
290.47971441198337
-234.98839268534283
290.08775572897554
232.18128791030665
290.0877557289752
-202.2391881123996
278.7888214108125
-201.12138505696112
278.4720365596044
-264.9911530530458
-232.8859656917214
290.0203846152573
-218.2308578218471
-253.24716429767182
-224.24467943932515
-206.2963711547989
-221.20032012017296
278.7548698978493
204.81287825538334
-244.88826997117474
278.55510510938245
277.26395493319126
272.6474599218933
245.8754442335938
278.4017466557551
278.20259592478976
-210.60386869707227
-206.80629674341318
-221.34891908473296
292.89988986911294
266.93229363052
280.29923374947685
280.45198684027014
-211.61004229775696
292.56170348476434
-227.71660002660866
-222.08651572235433
250.89330911103542
278.75601768675614
273.0522623616147
281.8031175919187
271.84476398309533
289.7844733906614
245.43994319424655
279.3568622946567
280.48027666860685
289.95863865199357
277.93906437411636
289.668605962987
-211.8689349774319
-206.6017431024279
278.48175537417274
263.9565434297023
-209.18337029314085
252.81156958100235
276.19263423242774
-202.23918811239926
266.4478522077086
-201.12138505696066
267.79853495098143
-210.70316970693221
279.8649448535799
-219.99643485362293
256.4816577503831
289.19709252139194
-224.1488282042603
-209.33405971433854
289.46532589156226
-212.05963021333494
291.69639457291163
-212.0596302133311
248.65232698836152
278.9263981581984
274.08508455728355
278.1574348291654
-222.9199105515463
280.57109983095177
-226.25639511178832
-223.94129970472196
278.92639815818177
276.9792050607669
-212.0596302133364
-221.86171511015357
269.66049667350535
292.48568336008844
289.24628757145695
-221.33245437085418
294.83065417119724
289.7850323322563
268.1809647188399
290.46027148162034
-209.58429261694377
-240.91924666177005
-208.740998080361
290.4602714816292
-210.53606105828737
274.5496491265812
289.44558312182
268.5449910645402
280.0687679912486
276.3379540067904
-207.54532387682113
290.5031093835611
-220.42470036640674
-210.5670114554746
269.5005174669374
282.3738055251262
-221.89061972729718
290.50310938355665
-242.5347177120223
281.619282948183
-210.38918203736847
281.63303270849593
273.4881272872206
-221.89061972729215
-209.3340597143293
-215.79824072335666
-207.48208599658767
222.8484248837539
-209.33405971433092
264.56137801026074
292.485683360093
-209.48854455745797
292.4856833600883
-209.48854455745774
259.31216108125716
290.50310938356904
273.178730447612
-208.48360223333185
289.8429886714242
-208.2525292049586
245.1665750271951
-206.84462773479672
258.03539029479975
290.6199901578218
-210.16917182008808
290.551350271705
236.0790409672428
-207.4820859965943
280.34992103769883
283.75851093872586
-220.60769357065908
280.68086777449093
279.6445107312453
294.21123420500044
290.46027148162904
-207.49173835462312
-211.06468278219327
-208.22412625649804
-209.33405971433393
-236.0408088993807
-209.41257495286987
279.39334061028177
280.1352715880488
-209.33405971433334
280.9334745206329
280.0586170188177
-231.67057744613973
279.6445107312494
281.0969080077702
289.3263651009578
271.09359498402716
280.24875689000476
280.194911243391
279.94663533549004
-215.4396363797763
289.98246664902206
282.3223957611311
-208.3648537328372
-208.73759720339388
278.5185762132614
-211.82004464705042
289.47143716605837
289.4714371660595
-210.6409664953358
290.518314797711
-208.25252920495646
-207.71701230239617
-211.40057067857967
-209.41257495286683
-208.70097205650455
279.66610332370215
290.6943095197431
-209.58429261693178
-211.2463769671672
281.19776526961675
-210.16917182008856
-208.70097205650174
-207.48208599659324
-209.20092102472546
-210.16917182008254
-207.4820859965915
-209.48854455744987
-209.48854455745126
-211.24637696716852
281.1969439215584
-211.24637696717002
-209.13739211103643
-209.20092102472057
281.158226129968
281.19694392156373
-209.33405971432816
275.81355869128413
-209.20092102472302
280.87931083217967
-210.7461466583411
-210.8699978324886
270.1877586761568
291.367299188952
264.91410586481214
-203.5298002983866
-213.3646887008794
288.90405887370736
-208.7009720564979
290.13849306569534
275.1332740213115
-210.92216671168018
279.38353626316814
-236.5440042249794
290.4166471384114
-207.48208599658756
-209.58429261692697
-204.96727448222106
266.1500287419366
275.88355461406843
291.03854261632466
-210.76146484744055
281.44287899684286
290.77042533482023
264.7110529175997
289.47600852827634
277.88674488868463
264.90993298577956
-210.64096649532476
281.03399114132293
-205.49217168206417
290.1243435691725
-202.23918811239866
288.6665540715706
-209.20092102471258
265.4352090064639
291.8350987838442
-209.33405971432404
281.2474317522025
-211.2463769671529
271.23829280473524
281.79340867008716
-220.06584627707116
284.70425384429876
281.69995339198977
276.1358581725409
-209.33405971432205
284.4581010056545
291.8276756646793
-204.382383340866
-210.64096649531865
281.6144100454356
-213.98284273299268
-208.7009720564956
290.2861553677801
290.51008144719907
269.4244565053835
-209.48854455744225
-210.64096649531538
282.7404958094402
280.55141460728925
-207.71701230238855
-218.5789170123519
-209.3340597143195
281.03399114131344
281.32854460629903
256.1214654237956
292.3373265470192
-209.33405971432418
294.0399789368312
282.75487903716964
245.96518935592465
-209.91797074363498
292.55008243032523
-209.412574952865
-228.76536289392766
282.72777711892496
-204.71702855366868
290.08775572899
-208.70097205649526
-204.94832686981124
-209.4125749528596
-209.80234121912085
291.83509878384996
-204.58127773923263
-211.24637696715317
271.7090864862928
285.1507859891628
289.55856285466285
284.58246239497345
291.58409977673324
294.0485294348358
251.37910845424688
-209.41257495286123
-220.8319442994403
280.9805417856927
-208.70097205649242
289.24342007337225
-201.96426871086047
282.2492837756762
-208.8527963064837
-209.4885445574397
-208.0473143956678
-221.36242716545738
283.9668566695568
291.4163235236615
292.80659226157474
292.8065922615741
291.93278782192
292.8065922615761
292.3022512632646
292.8065922615754
292.8065922615745
289.5223008408623
292.55008243032137
293.7449591177312
292.80659226157167
282.3633416858929
-210.00980866725735
-208.21543696284147
-205.21912837210894
-208.04731439566658
292.8065922615748
292.8065922615752
292.8065922615751
-207.68497041105442
292.80659226157564
292.8065922615745
-208.7009720564959
292.8065922615743
292.80659226157485
292.5500824303244
292.8065922615779
292.80659226157735
292.80659226157763
292.5500824303253
-205.45899372369774
-211.12018123563277
286.78158077592394
286.0009794919025
293.62040640394946
292.1809176862106
292.55008243032535
292.8065922615765
-211.1209903556497
292.8065922615753
-205.21912837210806
-212.1852420406103
292.1809176862049
-210.009808667259
291.3672991889568
292.80659226157405
292.80659226157786
-207.88438367051424
-208.30356279368775
-208.3035627936866
-207.76076875425113
290.84381833245294
292.8065922615744
291.94405210664314
292.55008243032586
-205.219128372108
-208.30356279368868
276.517073713608
-222.53095934243333
294.8211265588326
292.80659226158025
292.55008243032944
292.8065922615775
292.5500824303287
292.8065922615789
294.9531072875818
283.5085006845255
294.54100627630226
-202.83035475431694
292.5500824303296
-202.07374530726935
294.7808716278911
292.80659226157604
292.80659226157996
292.8065922615782
292.8065922615757
294.7808716278916
-204.58127773923286
-208.30356279368195
-208.30356279368428
292.8065922615781
292.80659226157917
292.80659226157974
292.80659226157786
-207.53190830080743
292.8065922615791
291.99965701883576
292.80659226157854
292.8065922615799
294.0867871423719
292.8065922615765
292.8065922615779
292.550082430332
291.8501664683102
291.7653760074307
284.868980312041
292.80659226158
291.8501664683099
293.21720115223053
291.7653760074298
292.806592261579
292.80659226158
291.0041670937026
292.8065922615764
291.99965701883485
291.7102567979016
292.80659226157763
283.2123434418566
292.3718269208571
292.80659226157957
284.91170580043683
-203.4051710928002
-201.00987714714446
293.92753896087765
291.76537600742734
292.8065922615799
-207.5319083008053
293.92753896087174
-207.53190830080484
286.0695366013588
292.80659226157803
-216.69467356182705
293.9275389608788
284.4701033453137
292.3941901120361
294.07452063751947
275.7958692430645
293.3561482697802
-207.5319083008069
294.95310728757767
291.97361973159684
284.6228774804746
-215.2732009972824
294.82112655882844
292.80659226158025
266.1388723572726
291.2816351416783
294.0867871423732
295.0270020440515
-257.05171331104526
293.9275389608679
-215.6900050752207
293.9275389608785
292.26735359338915
-215.75413305600514
293.92753896087845
-215.69000507522145
293.6015669367767
294.54100627630265
-204.26883651250657
-213.86058285722862
-261.46851603299547
291.7598576467987
283.8640030314913
283.1002013669544
-215.690005075211
293.92753896088095
-256.54955767096396
293.9275389608732
291.75985764679695
262.8988139157828
-209.68430308765926
-204.89435691528058
294.17383515295774
294.7808716278899
-208.34507497905304
294.82112655882713
294.3080892697773
291.6576134519187
284.32102587267167
295.04026650506427
291.93278782192886
256.88947030691264
291.9327878219252
292.17933142528796
-208.06896061400735
-204.73003932134552
293.92753896087095
291.0192078820095
284.3126022971003
-203.36140520136354
293.9275389608689
292.1793314252882
284.86898031204527
292.1346384766852
-208.10874316216115
-204.8943569152804
293.9275389608713
285.33851208354264
294.78087162789006
-208.0689606140064
293.92753896087606
290.2418881876688
256.6990584362584
285.48868023288816
293.9275389608691
284.2450274403897
284.65186671046615
275.5217262511074
292.1793314252882
279.57331928740865
-203.40517109279963
293.9275389608744
294.0745206375199
292.17933142528705
-208.10874316216174
293.9275389608747
289.85350190357485
281.99843479811324
-208.64316815322513
293.9275389608757
292.4856833601045
-215.690005075221
293.92753896087555
-208.9696059705298
291.7221984814524
275.6330620879845
284.5072838774565
272.22654925709907
-208.13344889928914
290.26863705769773
-216.8800499324464
272.40547886334747
-234.68827248357744
291.7221984814554
292.4856833601035
289.5214805706009
-204.7300393213458
292.45552048714654
284.1322447055386
275.64946727794086
292.1793314252864
294.78087162789006
284.1322447055404
-207.5319083008022
211.10544865519688
292.99634345559883
284.6129011703243
275.64946727792875
294.3237543974278
222.50596555204777
293.7647613474526
289.8046798426717
294.0745206375188
288.4766807973793
284.9117058004394
291.32944641742614
291.31460755386973
289.76575113121953
293.2172011522323
292.1793314252883
293.21720115223104
264.06297984173347
292.1793314252865
283.3129945050753
291.3752152453533
266.9556929672662
292.1793314252895
292.48568336010663
283.3129945050698
-208.35773936557615
-208.74938921513453
291.71613209208584
281.31482296883803
283.3129945050687
262.9524701181363
292.17933142528835
292.1793314252904
259.8849381951996
292.45552048714825
-259.05526781841945
-208.9696059705301
290.2686370577214
292.17933142529006
290.26863705770563
281.1901543915118
293.04902024493134
-156.23136344230483
292.17933142528983
284.62287748048743
292.17933142529205
-157.1776271882852
292.1793314252926
292.17933142528756
292.179331425292
-154.32578058379195
294.78087162789035
291.19585198471077
291.19585198471225
292.52820733038334
292.1793314252918
292.0524642982939
292.1793314252899
294.3163726462975
282.51348285276697
291.45638018574226
-251.47692299849714
257.7619651609423
285.535560878786
292.1793314252931
263.9129869029635
291.4187369431357
203.78580560946676
291.1958519847118
292.1793314252907
-208.27675528085422
255.4440274866489
-205.49217168206528
-201.88072724093348
167.54689968811616
294.9631250400491
293.35614826978366
291.4563801857432
283.6168701642052
292.1793314252885
-240.26907895067404
290.26863705770427
283.6168701641914
157.64657902069575
-239.15904717582512
282.86126919849477
291.0729694929032
291.45638018573794
291.1958519847124
293.5486387563319
291.19585198470344
271.1936906376675
291.1958519847153
292.1154614481911
283.1364739822625
291.1958519847054
291.1958519847113
291.19585198471157
294.54100627630123
-268.6452324026498
290.2686370577178
292.46598006997806
283.61687016420433
291.28945356625474
-205.01323196618804
-204.70501152185875
-346.1902674156752
-234.48885159602594
-258.077040784205
