-203.51952457547475
-212.45140552813018
-206.4262226133814
-211.83477561284138
-205.19795033001583
-201.86532911756282
-212.32138515935864
-212.45776027933854
-206.28744162685405
-206.3942103906942
-214.54400619062878
-208.78274686227235
-203.65102830560878
-213.39334214009062
-213.6283851113865
-209.1918818691003
-205.10775104974365
-203.65102830560852
-211.93861447238595
-203.65102830560875
-205.120749921023
-210.81063641642493
-203.6510283056088
-203.65102830560804
-212.2366887073022
-203.59493235895258
-214.18984838641478
-203.65102830560951
-213.3586383718903
-203.567300817023
-203.56730081702258
