-212.4311204575055
-212.2715070638221
-203.5673008170226
-210.16769704958256
-214.01199225308184
-203.65102830560755
-219.44520375959613
-205.1979503300155
-201.86532911756288
-206.70140452927004
-201.86532911756285
-208.90129554313515
-207.72790011432414
-212.77887884598542
-210.7341053614598
-219.61663505630378
-203.65102830560838
-203.65102830560852
-213.26497654465885
-203.65102830560875
-213.37796544344332
-215.07933736684168
-210.73410536146167
-214.75667042481643
-213.01460003018911
-206.39421039069532
-206.4301157765216
-203.65102830560951
-205.23918870335604
-213.634764370754
-203.65102830560858
-203.65102830560892
-209.04088211892582
-201.86532911756265
-201.86532911756242
-206.70140452926694
-212.7591792363458
-203.56730081702273
-208.79742236742393
-206.55729839732933
-215.27155778513176
-208.99974570148197
-203.6510283056086
-203.59493235895252
-203.65102830560824
-209.91025315669665
-203.65102830560812
-203.59493235895258
-206.69152295605522
-203.59493235895215
-203.6510283056084
-219.96138735898487
-203.56730081702284
-201.8653291175626
-205.23918870335805
-203.65102830560934
-208.6550410702176
-210.40157831044007
-209.97140952976392
-203.56730081702224
-207.7413343833845
-206.4301157765221
-206.55729839733027
-205.0048817371542
-203.65102830560858
-203.5949323589522
-203.65102830560826
-208.65504107021806
-205.0048817371547
-201.86532911756277
-209.93237770729786
-203.65102830560804
-203.65102830560767
-205.2391887033561
-201.8653291175625
-209.67182679339967
-213.95389414434018
-203.6510283056085
-205.1077510497427
-203.65102830560824
-203.59493235895255
-205.00488173715445
-203.5673008170225
-203.56730081702275
-203.6510283056079
-203.65102830560792
-205.0048817371547
-203.6510283056087
-206.39421039069657
-207.92481613259613
-203.5673008170227
-203.65102830560824
-203.65102830560983
-207.841119823367
-203.65102830560937
-203.56730081702312
-205.0048817371542
-203.59493235895243
-203.56730081702273
-203.651028305609
-203.6510283056093
-208.68065416355964
-203.65102830560895
-203.65102830560934
-206.28744162685493
-206.54500383005384
-203.6510283056091
-206.55729839733186
-203.65102830560826
-203.65102830560872
-203.65102830560784
-206.38624845862995
-203.56730081702258
-203.6510283056081
-207.5358613062302
-205.23918870335723
-203.6510283056088
-203.65102830560832
-205.23918870335808
-203.65102830560923
-203.65102830560892
-203.65102830560903
-208.65504107021806
-203.65102830560875
-205.23918870335788
-203.65102830560977
-203.65102830560974
-203.65102830560883
-203.65102830560917
-203.65102830560818
-203.65102830560835
-205.23918870335558
-205.23918870335865
-203.65102830560903
-203.65102830560832
-203.65102830560832
-203.65102830560778
-203.5949323589527
-203.65102830560846
-203.65102830560727
-203.65102830560843
-211.07343319788683
-203.6510283056086
-203.56730081702267
-203.65102830560824
-203.6510283056086
-205.2391887033576
-205.0779994787699
-203.65102830560855
-203.6510283056088
-203.6510283056083
-203.59493235895283
-203.651028305609
-203.65102830560875
-203.6510283056093
-205.00488173715482
-203.65102830560946
-203.65102830560852
-203.65102830560903
-205.1979503300161
-203.65102830560915
-203.65102830560892
-203.65102830560866
-203.6510283056085
-203.6510283056081
-203.59493235895278
-203.6510283056091
-203.6510283056095
-203.65102830560886
-203.6510283056083
-203.65102830560835
-203.65102830560826
-212.49860345138404
-211.92419160531983
287.4416412591449
-212.52418573725194
-212.32322763540265
-215.2660390551556
-212.49860345138083
-212.23188561854317
-212.49860345138254
287.9461401900779
-213.78919713204704
-212.323227635404
-212.4986034513838
-201.8653291175626
-203.5726003901493
-203.57260039014923
-201.86532911756223
-203.57260039014935
-203.51922885136923
-208.72651936390275
-213.61954079145357
-214.70418378618228
-213.32135116834223
287.40451659358007
-213.27788708140739
-213.0790712088908
-213.73218309336303
-215.61157642255984
-214.27121787231232
285.74516792024497
-203.59493235895238
-214.13687731893998
287.5794954850638
-206.6915229560553
-212.39319363166086
-212.26541232084443
-212.32145103824573
-212.32145103823942
288.10514645453037
-212.68901930251545
-212.231885618545
-212.65105446911858
-212.23026727759157
-212.32145103823837
-212.65105446911403
-212.32145103824374
-212.32145103824237
-215.46417672831
-216.51845355522283
-212.455828600506
288.1051464545297
287.17925497843606
-212.26541232084332
-212.45582860050743
-212.2318856185468
287.61111600766657
-212.23188561854545
-212.2318856185463
-212.96776712971425
-206.69152295605602
-213.16302976689303
287.61393617613606
-212.3787286250431
287.6139361761425
-201.86532911756228
287.74169266033914
-213.28903193149455
-214.02491882589413
-213.1205461270138
-213.1205461270144
-219.6168066644963
286.4387298023777
-205.13009577196786
284.7468168207176
-219.53398348510132
-217.62315179493865
-216.81052265171783
286.9031957326676
-203.5726003901498
281.9840474868516
-216.02005763606226
-222.83507958352018
287.2329752203736
286.75263801503485
-214.473884689128
287.1946625122917
-203.57260039014923
-216.85001116702995
-221.69022904527245
287.1219341471825
-213.3640738300739
-223.0910873159255
285.17887706510885
-214.47414723563713
-218.24865714767787
-220.60784828745048
-220.76919681225704
286.1734775626001
-224.88741202665335
-220.6078482874388
286.3493350536645
-201.86532911756262
286.663859456339
283.165298882739
-223.56738081159068
-213.76298921432883
-222.00878025694507
-203.65102830560826
-214.5759959674917
-214.5759959674914
-206.70140452926913
-222.02644571047006
286.9828378794857
284.76478994961343
286.4252468213269
-205.10775104974388
-214.5759959674878
-217.3937252167823
-220.47322222402607
283.64598997028145
-220.49973941360588
283.1828568685993
281.8875936763373
-205.23918870335666
286.48536893334455
-225.06190294943346
284.88045216937144
-218.30871189744894
-215.58762860782383
283.12825668265367
-225.06190294943258
-216.39357849041122
284.71184528692504
-225.0619029494335
-203.56730081702256
284.061241884101
284.3226588008445
-205.107751049744
-206.54732203795953
-247.97469626283225
-218.90918289408074
-221.37075077200606
-217.28732217180413
281.1732645652701
283.9177926853763
-216.16650292301787
283.82457199658467
-216.99481297146352
285.4276036795946
-219.45441948465395
-203.65102830560957
284.7468463929247
283.87704065485264
-207.91212569847173
287.61937443183103
-215.6168065310445
-214.99802389941036
-206.5473220379573
-219.6042225927974
-213.01060279965307
-215.39097402519425
281.55965935733315
-205.12074992102234
-207.8693032490627
-216.61603806814153
-213.34658354610744
-215.80675119134605
-217.42128318275357
-212.49437240839177
-212.91534634821375
-206.54732203795788
-215.80675119134415
-217.00402092555544
-215.2580147361617
-212.6206786447894
-216.23085626796265
287.4287449218914
-215.03974488480193
-215.6800623494986
-215.12872772221527
-215.6800623495011
-212.37567952957042
-215.0397448848028
285.42687344471204
-215.0397448848056
-213.40818472574287
-215.03974488480173
-215.03974488480225
-215.15816674964242
-215.03974488479656
-215.03974488480193
-215.03974488479503
-215.03974488479457
-214.8044754397958
-206.54732203795837
-214.22202001759845
285.53798737847126
-214.22202001759737
-214.22202001759607
-214.22202001759416
-205.1207499210225
-203.56730081702278
-214.3472810905514
-213.66807080550618
-214.7316447868149
-214.75744594881675
-214.22202001759646
-214.95687512041104
-214.18672788478784
-214.222020017598
287.9629380938212
-214.4984114979768
-207.86930324906098
-216.63600373279579
-208.89760213728732
-216.38991925218622
-215.17051534823312
-214.75744594881922
-214.75744594881704
-213.03771736955983
-214.4276745693073
-212.77908410895975
-215.5206110685634
-214.5794958569837
-214.81332718695987
-215.14040952697943
-216.10177383077294
-211.77532187087837
-214.2820063749483
-215.23903804191153
-213.14993353241164
-214.51170781100828
-214.51170781100976
283.39624038368527
286.2446449993871
-207.86930324906254
-214.29211450312494
-215.9895001591841
-213.0691173123635
-214.8401725598713
-215.0284953040996
286.1452278269133
-217.19107515140453
-215.57097859662977
-213.67403031638617
-211.94346954712432
-215.02849530410236
-216.213979644504
-215.20443592317187
-216.6360037327962
-215.96143791810144
-214.02429263092196
287.9629380938181
287.9629380938208
-207.8693032490614
-214.84899328337397
284.3639216449219
284.97032504231674
-214.02429263092492
-233.0725385806535
-214.75744594882096
-234.57362173815733
249.13925660343756
-214.75744594881718
-227.93488563316268
-240.2246665418819
283.2699028758215
280.9137078881868
-212.19449431212365
-205.12074992102228
-214.84899328336238
284.5219339692561
-205.12074992102197
-206.54732203795757
-224.91192978692686
-211.77532187088372
284.5113589988278
-206.54732203795817
285.4930728778399
284.64428777726243
-207.86930324906274
286.08209891494437
-219.72459435724173
-247.75080871981237
-207.86930324906473
-215.90180429263427
-214.1481198457481
284.35515408926165
285.4010319454472
-214.97392867973852
288.0274813107327
-206.54732203795825
285.61211114752
285.4930728778368
285.6121111475211
286.4319735698471
286.714333082092
286.43197356985627
286.5089585001868
285.6121111475182
286.50895850019003
286.36282674682286
-213.72521347046842
-212.49437240839535
-207.8693032490617
286.6669208981056
-213.23775779315966
-218.26726446827283
-212.91534634821684
286.2758005684589
-215.82786532484732
285.6121111475151
286.508958500191
286.4319735698516
285.68864574123324
286.4319735698467
286.61211677263725
285.49307287783887
286.4319735698473
285.07738772818794
284.16432256672243
286.714333082093
-205.12074992102296
286.431973569851
285.0773877281832
285.168634217751
287.552197044955
285.07738772818
286.43197356984996
285.08618061729845
288.02748131072883
-203.5673008170229
286.4705684050218
285.68864574121955
-215.74378678740416
285.6886457412254
285.68864574122847
285.10885368245727
-203.5673008170226
285.7170410210173
286.6920063563583
286.1692748525374
285.7514512412913
286.0137084191957
284.5190808116413
-205.12074992102373
284.7088450704483
-214.4129587692319
285.7170410210238
284.70434504142156
285.71704102101774
285.9371322136839
285.71704102102836
285.2820238503062
285.7170410210219
287.2838246395502
285.71704102101603
286.1699526967909
285.71704102102365
286.44733544966
-213.36345583322077
-205.1207499210228
287.3184943852255
-213.74530260435793
287.4271928719445
287.4880675744069
287.3104455328621
286.94235405701966
287.3014884411128
287.31044553287165
-205.12074992102418
-203.56730081702278
-213.31145932122456
285.9804343665843
-212.65368023724236
287.3104455328756
286.77040345180853
-214.64912754310055
-212.6895544671326
-214.55798426082745
-215.44165095501486
-208.78274686227923
-213.13155999871594
286.5854864503849
-216.26005272366405
287.3104455328651
287.3104455328632
287.45973573604584
286.4408584557146
287.2866080440088
287.310445532867
-210.4493383154169
286.53600660185265
-213.68385867764476
-213.31145932121822
287.3104455328648
286.55044536481796
287.3104455328643
287.3104455328605
-214.24091168279472
-212.64116697644178
287.2070027842763
-205.12074992102322
287.31044553286296
287.31044553287006
286.8038948440922
287.4880675744145
-208.78274686227704
287.3104455328686
-212.6895544671346
286.82677487021476
287.31044553286586
287.3104455328629
-212.82265172580742
287.31044553286756
-213.82794725179082
-212.689554467127
287.0048324465044
287.31044553285966
-203.5673008170225
287.30148844111744
287.0048324465081
287.3104455328694
-213.82794725179136
287.31044553286955
-213.2176834112319
-246.4298436192549
287.310445532865
-213.82794725179582
287.310445532865
287.48806757440855
-213.70518331900684
287.31044553286495
-213.55266455033652
286.74293640042197
287.3104455328626
-203.59493235895428
-205.12074992102404
287.31044553286324
287.76825970118347
286.803894844091
287.1719138083348
287.3014884411125
287.31044553285994
287.3104455328678
287.310445532863
287.16753528559923
285.15507160154743
-212.68955446713628
-212.23174029881508
287.28660804399954
-205.12074992102433
286.8038948440915
286.80389484409176
-215.26099499331582
-203.65102830560917
284.7322995428181
-203.65102830560966
287.48226867956515
-212.9084950007943
287.3104455328672
287.31044553286563
287.3104455328645
287.3104455328688
287.3104455328569
-214.69305218367208
287.31044553286597
287.31044553286233
-212.82265172580207
-215.26099499330945
286.1605082181272
287.31044553285153
287.3104455328572
-215.19859410020578
287.31044553286347
287.310445532864
287.3104455328623
-203.65102830560906
-209.1935147352718
-215.1985941001905
-215.19859410019225
285.1505654051097
-217.21332886583988
285.1505654051063
285.15056540511057
285.1505654051023
285.15056540510653
285.1505654051126
-203.56730081702244
285.150565405115
-216.76193639287257
-215.14254711411897
-214.49180617299533
-216.32990311671736
-205.1207499210232
286.87234682412236
-209.1935147352708
-203.65102830560863
287.01806164351683
285.15056540510716
285.9649402001948
285.15056540510346
285.1505654051001
-218.02958137986857
285.9649402001895
-206.5473220379585
-206.54732203795987
285.1505654051042
285.1456325388454
-209.10796538553726
-214.57397770372665
-216.37940554248357
-213.2176834112137
-205.12074992102387
286.7241468380516
-215.56104657836835
-218.0879480761979
285.4802580645547
-217.1504131572285
285.8943245399444
285.9649402001829
285.1505654051103
-209.10796538553814
285.15056540510614
-217.63125735427823
283.8354618543021
285.1505654051104
287.12407871188213
285.28641373272706
285.48025806455314
285.97528178485396
285.4802580645568
285.48025806454604
285.48025806454046
286.9423540570161
287.4059762206831
-209.10796538553643
-207.86930324905978
-214.33033092252242
-214.57397770372168
286.942354057016
-217.3837017069293
285.1505654051062
285.15056540510227
287.3104455328619
285.1505654051067
285.15056540510403
285.4802580645418
286.9423540570196
-218.15740152473103
285.1505654051076
282.9691007640522
285.4802580645428
287.2604398277122
285.6011274719444
-215.15928099304853
285.18688726746865
-216.06638077653685
285.67777765463774
-214.6476830605634
285.16826608088434
285.4802580645396
285.4802580645473
285.48025806454064
-214.64768306055896
-206.54732203795928
-216.06638077652843
-214.46293615680725
285.480258064545
-215.18264556204534
285.48025806453705
-207.86930324906373
286.94235405702346
285.15056540510784
285.74305992803033
286.31380815766454
287.4880675744006
287.48521369492454
287.48806757440326
284.5644988190654
287.08431013151437
287.48806757439536
287.4880675744031
-214.64030958291505
284.5453850909286
286.7241468380474
287.48806757439553
287.48806757439974
287.48806757439667
287.488067574393
286.72414683805783
287.48806757439445
287.4880675743989
287.4880675744016
287.4880675743968
287.48806757439974
287.4880675743943
286.07066311418936
-214.41902417538972
286.7398678715122
287.48806757439775
287.35198153039795
287.4880675743948
287.115148773818
287.488067574392
-214.99270667221046
-212.80306872028876
287.48806757439587
287.4880675743974
287.44793697949785
287.48806757439365
285.71855794967684
287.48806757439723
287.48806757439814
287.48806757439854
287.08431013151915
286.8734981459111
287.92261130339944
287.48806757440445
287.48806757439496
286.72414683804817
287.84135065504887
287.48806757439456
287.48806757439746
287.7847914004856
287.90666066663385
-214.1858568089159
287.48806757439513
287.4880675743988
-212.75479676455438
286.07613795595984
286.7241468380528
285.79105536821544
287.4880675744005
286.076137955961
-215.13472081475157
287.4880675743876
287.4880675743854
287.488067574391
287.488067574394
287.4880675743885
-212.58058004650056
287.48806757439394
287.48806757439496
287.48806757438683
287.4880675743879
-213.95113289078364
287.4880675743919
-212.30435700819774
-215.75696938882444
286.83256831373996
287.87814465010626
286.67872510707525
-214.19771135419762
287.4880675743963
286.2543850992181
-213.34350380692368
285.782905250515
287.0918498078164
285.2205469149876
287.03260196461935
-203.65102830560934
287.48806757438865
-212.1084822383942
-213.62565734172708
287.44793697949166
287.48806757439615
287.48806757439974
-214.41902417539575
285.9478445430793
287.48806757438786
287.48806757439297
-214.26332306005318
287.48806757439473
-213.38256424309827
287.48806757439394
287.48806757438035
287.4880675743901
287.48806757439
287.48806757439576
287.4880675743947
286.0761379559556
287.71122568116317
287.4880675743957
-213.27309691167267
284.5644988190472
287.7441253471355
284.5644988190608
287.26043982770403
286.7241468380404
-212.58058004650638
-214.26332306005617
287.48806757439456
287.48806757439314
-212.7963975858724
287.48806757438945
-213.00543413491425
-212.1944555186341
286.63506840974344
287.48806757439286
285.9684341694947
286.7241468380285
287.48806757439297
286.72414683804294
287.8244902595693
287.85738080580177
287.8244902595657
287.82449025956674
286.873290381801
287.8244902595722
287.85738080580336
287.82449025956737
-212.22369004808382
287.21143083771364
-214.24136602209254
287.06771412259576
-212.2995179030051
287.8244902595672
285.7185579496762
-214.24136602210854
-263.46071428041404
287.06688603093176
287.8244902595593
287.82449025956487
287.84226486649635
281.4150289424224
287.8244902595578
287.8244902595635
287.8244902595582
287.09933277578705
286.63506840974736
287.01806164351007
-213.21768341123433
287.3104455328474
287.40855699917824
286.9869609680846
287.4059762206774
287.28382463952767
287.4059762206799
-203.65102830560934
283.3598590361968
286.77040345179455
287.19394964836533
287.4059762206756
285.33793761138935
287.4059762206787
287.01927583819594
-212.96676528492875
287.824490259565
287.0624848975236
287.40597622067287
287.01806164350444
-212.16673129648868
286.906079063883
287.02909598754366
287.45857642145364
287.01806164350216
-213.21768341124107
285.8093180011869
286.69466666476524
286.90607906387834
287.02909598754724
-203.5673008170229
-212.1667312964857
287.4085569991762
287.0180616434983
-212.16673129648865
287.02909598753587
-212.16673129648578
287.02909598754263
287.029095987541
-214.14643010436598
284.9160289041957
286.3306111660063
-213.95156328031376
287.0290959875343
287.21143083771074
287.0290959875499
287.02909598754036
287.0305105812395
287.2006106683811
287.4085569991766
287.4085569991696
287.20061066837434
287.1483418898919
287.20061066838093
-203.56730081702284
-212.7616512826629
287.40312787787315
287.0290959875337
287.8244902595555
287.4085569991708
287.200610668382
287.2006106683752
-205.12074992102296
287.02909598754184
287.0290959875389
286.70545948479236
-212.7905845708362
-213.29244846633415
-212.76165128266229
287.02909598753416
-212.76165128266467
-212.76165128266283
287.36279209606334
-203.56730081702258
288.1230245400529
-212.76165128265657
-212.76165128266513
288.1230245400524
287.86910783228933
-212.7616512826556
287.1777656207452
287.13398368607477
-212.16673129648993
287.4664914446894
277.14505374478415
-214.24136602211186
-205.1207499210224
283.51266163395275
277.83802516549866
283.4026936176682
280.828706968573
-214.9189061031418
283.7913909215623
283.79139092155003
-213.08545643729033
-214.66759755180874
-213.59565921928237
286.22882907572784
-216.63093407421127
254.71316806146203
286.22882907572523
-215.10123985433773
286.2288290757283
284.696073925477
-213.13018430006554
-215.03781871597488
286.2288290757289
286.20797313128446
282.67650792108435
286.2288290757271
287.0797481780781
-216.14095423363187
-205.23918870336095
-203.5673008170229
282.4571011659611
284.70847279417177
-215.00696444050308
-213.65007654005336
283.2300275041252
-241.60404681462114
-216.65121320348288
-271.17634723697125
-215.72995350997954
286.2079731312832
-215.95102545440494
-213.56370259753513
284.1171359476674
-217.43563997257164
285.48645510731944
-203.567300817023
286.0615250777172
286.22882907572625
-214.58151257230628
-215.64955429390218
-220.1573328841727
-228.93689347524975
-265.28663451203727
286.228829075718
286.22882907572546
-224.38735547726273
-216.95418806220118
-220.6907305349365
258.62444284617004
-205.23918870336144
-215.6769506201526
277.839482645393
-203.65102830561008
-203.65102830560917
-222.7508953905437
277.83802516546814
-203.65102830560954
-203.65102830560994
-218.34047657006013
-216.58863186661824
277.8743188460218
277.8380251654767
286.8878116208675
-247.00838669997674
-203.65102830561
-222.24612391477848
271.3969250997772
-246.88386899267127
277.8149297866515
-214.10942135768786
-220.15756638755582
284.7084727941661
-214.38622880439254
-203.65102830560957
277.336277388328
277.8380251654752
-205.23918870335945
235.7521188090744
-218.34047657004785
286.88781162086616
277.83802516547075
-218.34047657005377
277.8380251654841
277.83802516547877
277.83802516546604
282.46560562078423
-260.3499684485664
284.6960739254808
284.20142900767877
284.6960739254828
286.57986377113605
278.4518039482904
278.4284883448823
-215.13970210921087
-213.55223009242735
286.88781162086724
277.83802516548434
278.4518039483075
-213.12652494883764
-203.56730081702264
286.4892501074831
284.29174453782144
277.809361962347
278.45180394830044
-218.34047657005374
-212.55745787405317
287.20935066104477
277.83802516545654
281.3717112825169
-258.1048117329926
-258.66373303900065
287.0797481780747
277.8422592437503
-205.23918870335996
-213.26589667882706
-215.13974771979787
-217.55583821877295
277.838025165471
-281.8793596477723
-212.55636727559744
-205.23918870336104
-221.50750725751317
-217.38853410447604
-221.58531493957693
277.9495025605499
-216.1868353916463
274.0032933210525
277.94950256054636
-229.8596249644499
-221.5075072575084
-215.78859732443877
-221.11519459262752
-203.65102830560903
287.0797481780728
277.9495025605543
282.46560562077906
-217.15462699707163
277.9495025605571
-203.6510283056096
-217.47506369832996
-203.65102830561042
-217.47506369833778
287.20935066105073
-205.23918870336067
-220.1573328841912
285.94784454306364
-216.69026924180918
233.19324789460336
-213.67070010909632
-232.4614193123549
277.94152036993665
-229.07653649678556
-221.5075072575253
-239.98279610022075
-203.6510283056105
277.94950256055324
-221.82745295870185
-218.3404765700585
-205.2391887033597
277.94950256055324
287.079748178066
284.15979791050995
-217.2283949595477
277.9056358023445
-221.78914106859494
-221.827452958703
-213.49094944355758
277.949502560543
-217.4750636983285
287.2310648790282
277.9495025605533
-216.8659289250259
277.96882041469087
-217.32472054636372
-203.65102830561008
277.94950256054886
285.0241405668872
-218.13782330506362
286.8900365180424
-276.0924786097296
277.94950256055955
277.9495025605442
277.9495025605472
284.51655707249455
284.15979791050904
-205.23918870336104
-217.43567173058517
-217.4750636983259
281.43415266770654
286.66246931788925
283.2121337335762
-214.00287134554551
277.9495025605591
-214.62900990023198
-240.1710383087892
285.4980714239132
287.0797481780763
-243.93215950663472
286.5458844253345
-217.475063698334
284.1597979105026
277.8380251654659
286.78581406615484
277.9495025605495
282.207098180317
276.93575565690816
238.039717825344
286.2288290757216
-220.8027711069878
277.94950256054926
-333.46460539473367
277.94950256055694
277.9495025605442
-217.47506369832772
277.8380251654605
261.79272103722803
-234.10554463198224
-217.38853410447774
-252.4952266491186
277.9495025605605
-340.32964730140037
287.55436981693725
-217.47506369833587
254.3687369444808
202.09279031475543
271.51744926716606
-211.26919429726266
-217.3247205463656
287.06909120787253
-203.6510283056097
-258.7014206148036
-205.23918870336055
277.83802516545336
286.07050588529694
-203.65102830560951
286.73066550045866
-214.04760097537851
277.83802516545416
-205.23918870336195
282.20709818032356
282.20709818031855
282.2070981803088
-215.61378981196077
-222.18044249183478
282.20709818030446
276.93575565690094
-218.40680078428502
282.2305817988064
285.2208485597917
-216.8461701737478
-215.68567346292787
-203.65102830560951
271.657555088942
-203.651028305609
-215.24001447847394
286.7179028397938
282.2070981803179
278.779618088411
282.2070981803179
285.97528178484276
282.2070981803184
-234.25929048297172
-203.6510283056095
282.2305817988059
-222.19827296380882
282.20709818030787
-203.6510283056103
282.2070981803107
277.838025165444
282.2070981803065
-216.7564026318501
282.2070981803162
-262.79790492295734
282.2070981803206
-217.80100056137724
-216.24319648975708
282.2070981803127
-216.9293350262786
282.20709818031025
278.7796180884109
282.20709818030537
-232.5280504306274
287.209350661036
-217.5050025232059
-206.70140452927302
-216.92933502627488
285.5695166746699
270.41409713623233
282.20709818029957
-203.6510283056098
-334.6174212253805
285.02797791542633
-207.76640949121804
286.78581406615785
-213.39296508704444
281.3462613826102
-205.23918870336115
-205.2391887033611
-217.5050025232139
282.2070981803151
-218.62981009204483
-216.84617017375723
-239.30092794768123
-203.6510283056106
286.22882907571756
-212.245150983387
285.17247986011665
282.2070981803084
282.2070981803172
285.92284864350665
285.1365034005726
282.2070981803075
282.2070981803157
281.94610042054916
-217.81481510715525
282.20709818031855
-217.86173890899641
-213.80117960242623
-203.6510283056102
282.2070981803132
-294.10934781571115
277.83802516546257
-203.65102830561025
-218.05514201862786
-217.50500252320143
-216.40657921744898
282.2070981803168
282.2070981803099
280.424329796169
-216.75640263184494
-206.5473220379581
287.0893189658555
271.6575550889313
282.2070981803045
-215.9429960059716
-216.68094185198217
282.2070981803146
-203.6510283056101
-217.81481510714792
285.9228486435116
-217.50500252319677
-248.4348323071569
285.4977863649884
285.56951667466836
-203.6510283056095
283.84792410527893
282.20709818029945
-205.23918870336118
-216.93433692534725
284.5595110668712
282.207098180307
-217.81481510715912
286.03851534268335
284.5042262011351
277.8149297866143
282.20709818030934
282.2070981803033
286.7179028397869
-216.68094185197901
282.2070981803089
-216.78087100769213
285.7476533241733
282.20709818030565
-205.23918870336075
-206.7014045292745
-205.23918870336198
-265.67395577323794
282.20709818030565
287.3839576306242
285.825233480936
278.471335510272
282.2070981803114
-216.744103298212
282.20709818031156
282.2070981803077
282.207098180312
-287.50310911057375
282.2070981803204
282.2070981803075
282.20709818031025
285.7344428545617
282.20709818030554
282.2070981802953
217.61598280672246
-266.72551517282295
286.57136653833174
285.03267270250416
286.7858140661502
282.20709818030883
286.7858140661483
286.03851534268614
281.34626138261206
-216.52590198900776
281.3462613826084
286.7179028397889
-217.15287963037613
282.2070981803063
-216.7756495985883
-222.19827296382323
-216.74410329821515
282.2070981803058
-206.70140452927532
282.2070981802929
284.5165570724915
285.5098252370469
282.2070981803092
282.2070981803086
-216.50878510177387
-270.60218086609086
-203.65102830561062
282.20709818030605
286.039908939985
-218.05514201864452
-206.70140452927512
-223.66901897413936
-216.6809418519836
-217.36549378864538
284.51655707249034
282.20709818030576
-206.70140452927492
-217.15287963037503
-216.68094185198214
-216.52590198900697
282.2070981803061
-222.5744063150197
-216.8461701737627
-297.7132754968324
-216.40657921746057
-249.01825156180837
282.20709818029474
-219.2465346127009
-205.2391887033608
-203.65102830561037
-213.9898625638778
-216.50878510178765
-218.05514201866416
269.4847665543682
-216.40657921745887
-215.61378981197748
-216.9293350262937
-203.6510283056116
282.20709818030696
282.20709818031236
-217.15287963037872
285.7468498393406
241.3823056039379
-205.2391887033612
258.94035879914986
-205.23918870336183
282.2070981803017
282.20709818029553
-257.9123044254247
282.20709818030963
282.2070981803111
281.34626138260813
284.516557072489
-203.6510283056109
-216.50878510177395
-203.65102830561108
282.2070981803018
282.207098180313
285.3932471499181
-206.701404529274
-203.65102830561133
-216.4065792174569
-239.69698681487677
-216.8461701737721
285.73444285455565
287.10755926987866
282.2070981803071
-217.15287963037824
-216.84617017376328
271.8531282938804
-219.43334824912392
215.10051256132095
282.2070981803053
285.0003812510424
-273.3959486200298
285.0003812510459
-216.75640263185807
278.7796180884094
285.5098252370372
282.20709818030576
-207.97053360095424
282.2070981802847
-215.60228394961274
286.556502083637
-206.2874416268628
282.20709818029724
286.7179028397903
-215.94299600597924
266.97248140534305
-216.27139564502608
-238.16890277685786
-217.15287963038423
-214.01558449650994
-203.6510283056111
282.20709818030605
286.0051817758207
282.20709818030605
285.00038125104686
-217.1528796303926
-203.65102830561102
282.20709818031037
-214.8094160180101
-203.65102830561082
-218.1570739661807
282.2070981803039
281.94610042053057
285.39324714992773
-226.38788298209448
286.7179028397882
285.53669379913686
282.2070981802958
-217.1528796303882
-216.52590198900535
285.56951667464864
-216.92933502630567
282.2070981803009
-203.65102830561116
285.36146959326516
-214.87762050370827
-201.86532911756143
282.2070981802908
284.5165570724824
-206.7014045292767
282.20709818029223
-217.2987172002851
209.72082413826746
282.20709818029286
-216.68094185198956
-216.40657921746381
-206.70140452927558
-217.15287963037974
-219.21658935068464
286.35872449548106
-216.74410329822746
-206.7014045292735
-214.87762050370233
286.602813227267
285.9577124139659
282.20709818029155
282.20709818029616
282.2070981802984
-217.50500252321876
282.20709818029496
-221.50750725754352
282.20709818028354
-229.74455679520722
-221.16489578103176
282.207098180297
284.9121275292938
285.32481702119236
282.20709818029115
-267.7500675139985
-203.6510283056104
282.207098180288
-222.1982729638376
-217.26094256285197
-206.70140452927623
-217.15287963038355
278.7796180883962
-206.7014045292752
-216.84617017377303
-217.4101753608374
282.207098180296
284.94316652679663
278.2026254012796
286.3746561206115
-216.03902956955721
-216.52590198900947
266.38384626643733
-215.7711138147819
-203.65102830561037
284.3385397571835
282.20709818028774
-238.90232738928586
282.20709818029746
282.2070981802969
-217.81481510717455
285.4321203437726
-217.070557193918
-205.1077510497493
-216.77564959858563
-206.54732203795902
285.39324714992415
278.77961808838654
278.77961808841593
-215.70913865674046
278.77961808839416
278.7796180884
-233.35153201520825
282.20709818028854
-215.0371213069618
-216.84617017377374
-220.97986587818266
282.2070981802955
282.2070981802932
-217.00962518722315
285.39324714992443
-219.6373407494432
286.71790283977816
282.20709818028683
-217.03930789486517
286.2579672534444
281.94610042054074
285.7344428545569
282.20709818029223
278.7796180883905
278.77961808839615
-215.03953357921412
-205.1207499210241
-293.68562503758807
-218.78069634147897
-271.69713582761494
282.20709818029155
285.2332991859926
-205.23918870336198
-216.50878510180584
-206.70140452927865
286.37465612061845
-216.92933502630018
286.5799018516856
282.20709818028456
-229.13098540769
-216.74410329822706
-214.76348103889524
281.3462613825999
278.7796180883958
-216.90419786478697
287.0893189658339
282.207098180286
282.20709818029667
-222.19827296384858
-203.56730081702318
281.3462613826009
284.51655707248096
287.10755926986394
285.5695166746505
-218.78069634148682
-206.70140452927893
287.20935066101856
243.21754909764095
-217.5078278888087
-203.65102830561088
285.73444285455525
285.92284864348346
-203.65102830560983
284.71041918080977
-216.68094185199942
286.6881505830569
282.20709818029457
286.7179028397825
285.56951667465154
-217.50500252321908
-217.50500252323502
-205.23918870336203
-216.08965198170608
-206.70140452927583
287.7611792041743
285.3932471499207
-214.41678421652364
285.5695166746472
286.0385153426741
-205.19795033002427
285.78834561425134
-203.65102830561034
-217.79651319262132
286.3292998909004
285.00038125101855
-214.41678421652307
282.2070981802954
285.569516674654
-215.9429960059919
-203.5673008170225
285.00038125102793
-217.5050025232244
-203.65102830561142
282.2070981802861
285.5695166746569
285.57911457318545
-314.00591292371564
-214.28394274362984
286.2212838432134
287.01779713674915
285.5695166746507
-205.19795033002575
285.56951667465046
285.56951667465114
-217.2485003924508
285.7883456142528
283.04631221055655
285.56951667464944
282.2070981802755
278.7796180883762
-206.7014045292786
286.3700421410367
-219.9836158360129
286.22128384321167
285.4037725528908
286.22128384321326
-203.65102830561133
-205.23918870336308
286.2212838432051
286.2579672534459
-203.6510283056107
285.4037725528874
285.93251907943664
285.569516674664
285.569516674647
286.7179028397796
286.221283843207
285.82864518496837
286.2212838432145
-213.67070010910285
286.71790283978163
285.7883456142543
286.22128384321144
-223.07245654305703
285.5695166746435
-214.28394274363328
286.7225769252647
-215.14307751414466
286.52126371249005
-214.28394274361924
285.56951667464915
285.5695166746463
285.56951667464585
286.2212838432131
285.5695166746481
-215.94299600599828
-203.65102830560977
285.7766915607773
-213.99044085345344
286.9018132563471
285.5695166746484
-216.52590198902655
285.36146959325606
285.5695166746486
285.56951667465063
285.56951667465364
-205.23918870336246
-216.5259019890363
285.5695166746531
285.5695166746429
285.56951667464597
-206.70140452927714
-213.5129418918756
-214.77208353579996
-203.6510283056113
-223.7315140830077
-203.65102830561048
285.5256346947717
285.56951667465336
285.56951667465273
-205.2391887033624
286.6239740516261
285.9046145491495
285.5695166746453
284.94889825198214
285.5695166746528
285.5695166746382
286.46043037862677
285.5695166746366
287.15062441767003
285.88987290349087
285.5695166746494
285.5695166746404
-213.92133805846655
285.56951667464557
286.2212838432089
286.0971789752641
285.78834561423594
286.54997216272443
287.1506244176736
285.5695166746438
-214.41678421654396
286.32066176958267
285.7344428545411
286.2212838432094
285.7747523171562
285.5695166746412
-215.49589531227508
-227.35361033813214
285.5695166746511
-216.7027688629921
282.2070981802736
285.5695166746392
285.78834561423395
285.7344428545454
285.56951667464443
-206.70140452928013
285.5695166746362
285.56951667463676
-213.9904408534698
285.5695166746356
286.52126371248227
285.5695166746346
285.56951667463886
285.56951667463443
285.5695166746315
-203.65102830561125
286.22128384321866
285.5695166746504
285.9022920559951
285.56951667464125
286.09717897526394
286.29900092074826
286.52126371248056
286.71980727711554
285.56951667464506
285.5695166746407
286.71790283977225
-214.28394274363805
-205.23918870336414
285.8272840839491
-203.65102830561023
286.32929989088717
285.5256346947661
285.43212034376376
285.5695166746511
285.361469593243
284.33853975717176
285.5695166746468
285.56951667464784
284.9628786930277
-213.99044085345966
285.5695166746458
286.5212637124849
-214.60675285008202
-215.9429960060007
285.5695166746415
284.80105595830804
286.22128384321616
285.56951667463466
285.9228486434816
-203.65102830561136
285.9046145491403
-215.49589531227213
-214.93023122002654
286.7179028397697
-214.77208353581665
286.22128384321445
286.2099641193765
284.96287869303154
-206.70140452927996
285.5695166746485
-206.70140452927942
286.2212838432212
285.56951667463886
-215.77651296636475
-203.65102830561133
286.2212838432115
285.56951667463744
285.56951667464784
-205.23918870336394
-206.7014045292781
-260.14056140527475
285.5695166746398
286.2990009207385
285.5256346947619
286.2212838432092
-205.120749921023
286.20996411937494
285.8863797659665
285.56951667465165
286.22302547160047
-215.77111381478838
-234.18985401437897
285.5695166746335
285.6941532843877
285.9261776135111
-225.7930640072221
286.57130629535493
-206.54732203795902
-203.65102830561162
-214.77208353581855
285.569516674646
286.5713062953539
-206.54732203795942
284.94143073467365
285.7799037699428
285.9311381807252
285.5695166746324
285.90461454914566
285.9046145491376
283.21213373354135
285.90461454913134
285.56951667464057
285.7883456142373
286.0132409721952
285.9046145491339
286.57130629534976
-218.72278240797547
-203.65102830561108
-203.65102830561108
-203.56730081702256
285.9046145491394
-203.65102830561193
285.90461454913384
285.5103100332776
-205.23918870336254
285.67484057918057
285.904614549134
-208.06036384939515
-207.86930324906444
285.90461454913543
285.9046145491476
285.90461454913503
-206.7014045292785
285.90461454913736
285.90461454913026
285.90461454913554
285.90461454914055
-208.06036384939006
-234.07784085412203
286.5713062953497
-206.70140452927882
-214.1712103932904
285.9046145491364
285.69415328438794
286.1668442364158
286.3395007306558
285.9046145491379
285.90461454913697
-207.91212569848827
-216.95418806222614
-217.24974365061468
277.8422592436843
285.9046145491386
-216.03902956955704
-217.47506369834935
285.9046145491393
284.80105595830616
286.09717897525667
-206.5572983973447
-205.23918870336337
-205.23918870336365
285.5695166746413
-206.7014045292793
285.90461454914634
285.9046145491455
285.90461454914464
-225.37702596356743
285.9046145491361
285.9261776135184
285.90419758267683
284.4051837251787
-205.12074992102455
285.90461454913896
286.2294811923757
285.9046145491442
285.9046145491364
285.9046145491433
284.3983012023503
285.9046145491394
285.90419758268064
285.9046145491365
285.9311381807356
285.44020364621633
-215.3427892518764
285.90461454913736
-205.2391887033622
285.56951667464006
285.90461454914265
-217.32472054637879
285.9041975826756
286.22128384320877
-219.31788599447478
285.90622300316494
285.8863797659645
285.90461454914407
285.90461454913
-206.70140452927959
-203.65102830561136
285.9046145491335
286.5713062953506
-205.23918870336325
285.74684983931695
285.90461454913566
-215.34278925187164
285.9046145491388
284.39868912874454
-205.1207499210244
285.9046145491353
-216.93167936604462
-215.34278925187863
286.4372170288652
-203.65102830561105
277.94950256048
285.9046145491319
285.79631817370955
285.93113818072953
285.9046145491315
285.9346658631943
285.90461454913026
-220.80277110696468
285.9261776135104
285.90461454913714
286.5713062953544
-214.1712103932924
285.9346658632041
285.9046145491373
-214.17121039328865
285.9046145491397
-203.65102830561113
285.904614549135
285.92617761350635
285.90461454913907
285.9046145491422
-203.65102830561173
285.6462312048438
286.21294858661196
-203.65102830561162
285.90461454913384
285.9046145491399
285.9649402001443
285.93113818073545
285.9046145491396
285.9046145491451
-238.39540952573967
277.9495025604841
-214.7692691902863
-214.4918061730471
285.9311381807273
285.93466586319636
-203.65102830561236
286.2294811923751
-205.2391887033633
-203.65102830561165
285.9261776135145
285.91313186279837
285.9261776134984
285.7963181737079
285.9046145491361
-221.59124745904444
285.9046145491388
-203.65102830561113
285.3039266567004
285.904614549137
285.90461454913867
285.9046145491339
285.9346658632041
-203.65102830561207
-208.0603638493908
285.904614549123
285.9046145491271
285.9046145491368
-203.65102830561162
-203.65102830561156
285.9649402001325
285.9046145491286
285.4981206883707
-222.7435797742581
285.9046145491356
284.11043615831863
-222.74357977424543
286.09717897524547
286.5713062953492
285.9346658631997
-203.65102830561221
285.4402036462189
284.8524891280584
285.93466586320164
285.93466586319397
-203.56730081702332
285.7550827446671
-215.2570256272027
285.93466586319863
285.9261776135082
285.93466586319977
285.9131318628015
285.93466586319954
285.9346658631997
285.44171224108135
285.9046145491356
286.22128384321456
284.8356425705367
285.934665863206
-215.66657960395338
285.92617761352244
285.6941532843732
-214.1479479500974
-214.830823590679
285.05540326017586
285.93466586320136
285.8401492225104
-213.90282102474944
286.61490963976473
285.83968328402455
285.9346658632019
-215.88450960330397
285.90461454913293
285.90461454913424
285.90461454913776
-208.06036384939304
-203.6510283056119
284.32497607930657
284.40518372518625
286.01815178663423
285.93113818073243
285.9346658631986
-214.14794795010627
285.9131318627834
285.90461454913304
285.9346658631984
285.92617761350397
285.90461454913435
285.9346658631904
-209.33761506907925
-215.2822893021361
-203.65102830561187
-203.65102830561244
-203.6510283056131
285.4402036462026
-205.23918870336388
-203.65102830561185
284.76132914046605
-203.65102830561196
-208.06036384939463
285.4402036462129
285.44585220482367
285.4402036462128
-203.65102830561077
285.90419758267683
-215.92483727165106
285.4402036462236
-213.68612040427112
285.9046145491348
284.8410293334813
-205.2391887033631
-237.88146219087034
285.6640304616042
285.44020364621736
285.4402036462092
285.44020364621446
284.409322248839
286.5555666025609
-203.6510283056114
-205.23918870336453
285.3214849931145
285.4402036462114
-205.2391887033623
285.4402036462204
-205.23918870336246
285.4402036462151
285.4388875279125
284.0846702487892
285.39996154843504
285.440203646211
-220.9509390033508
-208.06036384939318
-214.1712103932976
284.2736620239985
285.92439609784594
285.4402036462055
285.4417122410715
284.96737946993204
-210.4228920475215
-203.65102830561122
285.440203646215
-203.65102830561162
285.9107353412301
285.09067087269284
285.7640053372066
285.44585220482224
285.4402036462069
285.44020364621935
285.399961548435
