-203.70012292465844
-213.29052299836385
-213.19359425164936
-206.39421039069353
-211.0219352547791
-213.09676416118987
-208.7700409375113
-213.35316576687478
-216.72162508679145
-205.00488173715453
-211.63461580330272
-207.72472516778436
-213.06870163838178
-213.72553700010775
-201.8653291175628
-203.57260039014952
-201.86532911756274
-213.91459237774788
-212.569458366797
-209.19882357039225
-213.07994610423484
-212.81466918044993
-203.56730081702273
-213.173939913169
-201.8653291175626
-210.733985522094
-212.88101599388312
-205.1979503300159
-213.91905225887015
-213.2585773179943
-211.29046240923554
-203.57260039014963
-203.57260039015023
-212.34897348346095
-214.68948196813358
287.2559981026077
-208.9038366178259
-215.0094940881679
-211.12892641868729
-205.23918870335834
-210.61985891058785
287.771099684554
-208.09740714062391
-205.13009577196826
-213.74830249736078
-203.5673008170226
-207.54754534586206
-211.40638513000908
-206.52120559843473
-213.94350951777255
-206.52120559843357
-206.37132290134696
-206.38759594976597
-213.7792300097886
-213.1804724576743
-205.1207499210225
-205.0779994787692
-212.20917567052348
-214.00954900518286
-215.62088649105215
-213.19876032861933
287.364212010683
-211.92460896981828
-201.86532911756277
-206.52120559843416
-221.19650613390468
-203.5192288513693
-214.39582138150843
-213.20819027209316
-213.55769458728557
-214.03633424598044
-205.12074992102305
-212.99764668687416
-214.45014491537884
-205.07799947876973
-213.73763088725323
-213.26596844631518
-211.15555753085852
-213.8972499922758
-212.4986034513737
-215.73914531791405
-212.51750772310524
-214.55085128832954
-212.3756795295669
-213.91516237592737
-214.6653069766125
-212.6510544691144
-214.67860477879756
-213.00005440496994
-213.06986246985358
287.42874492191106
-209.10796538553544
287.61111600767555
-210.7840227702081
-212.49860345137705
-213.20544432164954
-212.65344638076064
-216.95050679624163
-211.40638513001238
-213.03741537403565
-212.36223319212007
-212.32322763540006
-206.5212055984343
-206.38759594976662
-212.54149671637393
-210.06335286310625
-209.23683518790645
-217.69305797816497
-216.84562297667784
-212.8620264473125
-213.63427516580805
-203.57260039014983
286.9956733265672
-216.25211226749255
-203.57260039014977
287.00031805811875
287.6139361761466
-203.5726003901495
-213.0827519693503
-206.38759594976656
-209.8035105073191
-214.3090335579405
285.6404495245754
287.78415972673685
-213.9657618514262
287.6111160076748
288.0678546812823
285.3653907151423
286.95946360174236
287.44164125915336
287.66188927311504
285.93869987704136
287.4416412591502
-208.8976021372793
286.9132090732854
-213.6056737914033
287.3971102421082
-216.66372343715506
-213.15681008546304
-212.4628986548054
287.42874492190765
285.5148222937033
-212.5257205695956
288.1751077519359
-218.77883588619542
285.40719002080687
287.40451659358337
-218.39147365804828
-218.68274937524797
286.5387108430571
287.8598915378697
-203.56730081702284
286.7986118906495
-225.09295659659114
-218.06184937660726
-212.58897498808238
-213.2041729470426
285.7046168824383
-215.36629878761107
-212.5889749880821
287.21710138046814
283.43432093248924
285.7970781035804
-219.54487342321184
-212.58897498808653
287.581477750435
-213.05012218263104
-212.588974988082
-214.8534114049972
-206.6915229560559
285.23162396699115
-213.40903862130702
-214.2262439632742
287.93072408706666
-217.0011798208412
-215.13101663401466
287.17421876298243
-225.3938435751318
288.15567440802914
-222.8431504807569
-213.84821721252877
-222.29271645645932
-214.77991105901964
-215.3956477110058
-214.01486730678945
-222.80448642635844
-213.1033575725591
-241.84267223760594
-220.9865409235841
287.0050543970805
-219.06351116726574
-214.06250921341191
287.9174765583242
-215.5104250088947
-216.82439871319337
-213.50203399101068
-216.44102979083374
-208.72651936390272
-213.50203399101034
-201.86532911756248
286.1095695297005
-215.59682981993083
-216.23674891702797
287.5224457955886
-203.5673008170226
287.2683372518715
288.17510775193114
-215.89947709179347
287.62746014489636
287.22180580416693
287.62746014489795
-217.42410971759858
287.22180580416637
287.62746014489915
287.5649104358923
287.6274601449004
287.62746014489943
287.6274601448978
287.6903620839233
-216.1758154404046
-215.21964273669056
-213.39381229318892
-215.3243242688275
287.6903620839248
-201.86532911756262
280.95125959022755
283.80640458996766
-206.54732203795788
-218.3544633188195
-217.70710933377282
287.328409155931
-217.20547756748707
287.32840915593056
-217.19048715517548
-215.02524963200693
-218.5812224800743
287.32840915593124
287.3284091559323
-222.1215892502589
286.53871084305507
-214.6781538141182
287.77261977924474
286.5387108430548
286.5387108430559
272.7257161106594
-213.44660034051282
-216.90985226356528
-214.99625112837617
-214.14533417173413
287.62972906219994
-212.44876618715216
286.5387108430544
286.5387108430534
284.01879800442487
-216.4902917018832
-213.74566458866985
286.5387108430569
-219.6749413293338
-212.4716950250424
-212.89039374482414
-212.96716070660253
284.2613383598987
-213.31367242379608
287.5521970449635
-216.92070865267507
-213.37665199372816
283.13968612188205
-215.22548880266308
284.0702503090095
287.6218913481346
286.53871084305257
-221.5378580745512
-218.39054537521935
287.32840915593084
287.32840915593073
287.3284091559289
287.32840915593033
278.93755747375525
-217.09095505554393
287.32840915592647
287.32840915592976
-216.6266768060064
-212.59667490116846
286.08571194581776
-214.09891800965391
287.3284091559292
-220.2184436890805
287.3183882077139
-213.72480282180638
-212.80848064741062
287.32840915592845
-211.7638980149762
287.32840915592897
-218.21590534825663
284.96308225866994
-218.08377507614642
-231.79176750072324
-215.14378610023178
287.3284091559291
287.3284091559292
287.32840915592874
287.32840915593073
287.3284091559297
-221.7634571326628
-220.1801309055033
-215.2614453271426
285.7346445792672
287.32840915593056
287.3284091559303
-212.44876618715415
286.15076155004084
-212.59667490116797
285.15401968076515
287.72588425305594
-215.2255592208307
287.328409155928
287.31838820771276
287.32840915592925
285.44405364659553
287.32840915592743
287.32840915592556
-213.1693165414406
-221.70176517850123
-217.09414261866027
287.796831776996
262.89184288449735
285.6532436011227
287.5699764773761
286.1157774145412
-215.09087300607982
-212.44876618715605
-213.72480282180945
287.6661550226693
-205.12074992102274
285.0773877281906
285.3458762021067
277.8400877452203
284.16432256672766
-205.1207499210234
-213.3856995702631
-213.3856995702653
284.6249793704866
-240.15099576311383
-212.60547972603229
287.56997647737467
-216.16801197992808
-212.6054797260344
286.53871084305086
285.0104178451349
-214.3840778445627
287.15942489540026
-201.8653291175623
287.56997647737404
-203.65102830560954
-233.3600243274484
-212.55436937476537
287.73562235920315
210.78214338141726
282.84056670116985
271.1900394045523
269.6018095531571
-214.03980917753157
-212.60547972603732
-212.60547972603445
282.6065979734924
-218.32549736799166
-212.60547972603365
287.3222641741852
286.01304341722283
-218.923973638095
-212.60547972603396
-212.60547972603578
287.66615502267086
286.08111559151314
-201.86532911756257
286.1097496936173
-215.08597969059917
-215.2327586091707
-229.7245728268288
284.99926953208444
-203.6510283056092
-212.605479726036
286.93971899021795
-212.30844926669513
253.897041979824
-205.1300957719665
287.66615502266717
-214.2488483310339
287.6661550226708
285.0288507915424
-212.80692148165954
-212.60547972603328
287.6661550226694
-206.54732203795703
-212.9024689982007
-212.60547972603413
287.6661550226664
286.0130434172219
-214.36241014572994
-212.6054797260352
285.02885079154265
-213.8379219505462
287.66615502266797
-226.27798412550308
287.73562235920264
-205.12074992102268
287.9896688086769
-240.771986933085
287.66615502266933
-216.3789901280984
-213.6128646197844
287.6661550226682
286.48698359862215
285.9779067831718
286.37032795792663
285.9216731030573
285.97790678317443
-213.8358113138626
285.95588498923826
286.4869835986249
285.30612169967316
-201.86532911756223
286.9397189902139
-214.2488483310337
287.66615502266757
-213.86912074083025
287.66615502267024
-203.5726003901498
238.505854549127
-207.86930324906334
-212.60547972603493
287.6661550226687
-215.3666249566472
287.6661550226679
286.3703279579315
286.5375543971335
-213.86761465692766
287.6661550226685
286.48698359862465
285.97790678317466
286.37032795792834
287.666155022668
286.2577556152226
286.3703279579296
286.0393879054738
286.2878560733778
288.28578863678865
286.9675354389321
286.5375543971278
-212.9017436360047
-208.96674334633963
285.5091155362871
286.8581008331214
-213.72521347046907
287.73562235919985
285.8427217687702
287.30148844111113
284.1688609752081
282.37090426396423
-212.90174363600636
287.79683177699314
-213.7923567028219
287.6661550226681
287.11534067871963
287.11534067871906
-215.15049009857472
287.6661550226707
287.1153406787165
286.683447478909
-213.34045775501082
285.50911553628754
-218.2341691463473
287.6225131832583
-213.0926852118574
287.1610190406994
286.5375543971303
286.5375543971299
-201.86532911756237
287.16101904069774
286.5375543971287
-215.09087300608
287.9896688086766
287.16101904069427
287.1610190406958
-212.60631101121893
-213.092685211861
287.66615502266814
-213.09110082626654
287.32226417418286
287.11053166825076
285.1540196807522
-213.09268521186078
-205.120749921024
287.6661550226673
-212.90269177669876
287.0690386371912
287.3418991461823
287.29727080349573
287.3222641741806
286.53755439712404
-214.75341351569674
-214.23549009792484
287.7356223591968
-213.09268521186095
-213.09268521185848
287.72588425304514
286.87818987824386
287.8262806734226
-213.34045775501488
-213.21773258159982
287.98966880867494
287.0786149431551
-213.09268521186073
287.9896688086757
-214.49487537646894
287.6661550226693
287.16101904069524
-205.12074992102373
287.6661550226674
286.53755439713325
287.5797541994234
-205.12074992102322
286.3936881580232
-206.54732203795737
-206.38759594977125
286.9211425291966
286.71450354125403
286.53755439712995
287.1610190406972
287.622513183253
285.06479167815655
287.161019040698
-213.07049432380737
285.72932414563843
286.12540676073985
288.0274813107299
285.58863944099113
-213.07049432380796
287.725884253048
284.7208330055474
-203.5673008170236
287.7258842530438
-206.54732203795936
286.95275438065283
-206.54732203795868
283.2499537008954
287.1108029680603
286.8781898782491
-213.67702505257975
287.7870891302017
-205.12074992102313
287.61627882920914
-213.07049432380305
287.7258842530466
-203.56730081702275
-214.18027882952873
287.7258842530438
287.3780498516408
-212.83515469256417
287.7186213660319
-213.07049432380813
287.7260947872921
288.34141989304817
286.0381703536204
287.5181917948111
-213.34045775501826
-206.5473220379568
-213.34045775501968
-213.34045775501878
287.7258842530453
-213.34045775501897
287.72588425304656
286.98980505468194
-216.83345213506124
286.5110165386026
287.72588425304446
285.78915828689253
-216.32487970193856
287.0947683906396
286.5110165386061
285.721869412131
287.1630834945499
-213.3404577550156
287.72588425304514
286.3277813915256
286.51101653859763
-212.62214124102093
-213.24758271537505
287.7258842530443
-218.27161433357966
-203.56730081702315
266.6551408985168
-218.67821033119637
287.7709820913196
286.5110165386054
285.7891582868851
-203.6510283056102
287.7260947872947
-213.3404577550219
287.72588425304383
286.51101653859945
285.90946557253403
287.5408718976425
-214.15091110752653
287.2276203996323
285.7845960900886
284.8953289538146
287.5110263982033
-216.00183770755243
285.7891582868835
282.4209253135971
-214.0581589024706
285.66509302187814
285.5886394409912
280.11694173859223
-213.92076659558748
286.7702496709624
287.5408718976401
-213.47764911793473
286.6914684448709
285.7891582868871
285.7891582868895
285.7891582868829
285.80220827910557
278.917079014147
287.34035933914845
285.87544655657587
287.67754917528333
285.59458102212807
-203.56730081702273
287.3284091559159
-219.6930338876446
287.7258842530399
-206.54732203795754
287.7709820913188
285.7891582868896
285.58863944098476
285.78915828688315
287.02867765064997
286.70490992182675
-203.65102830560954
287.6903620839062
287.87032485716117
285.7891582868801
-203.5673008170232
287.17161972112416
287.340359339146
288.4089533785715
-217.3958136512817
287.7709820913192
285.78915828688434
285.7891582868871
285.9760081457382
285.38575555591274
285.7891582868854
285.78915828688326
-213.72163946220647
286.51515945919533
285.78915828688787
-214.8001414177997
287.13417154631236
286.4869835986266
285.7891582868876
285.7891582868866
285.7891582868848
-203.65102830560937
286.92114252918833
285.6415651275094
-203.65102830560977
285.7891582868834
-213.9207665955857
287.69036208390713
285.73299200169566
285.7891582868871
-213.99424342028465
286.3911508643219
285.64156512751015
-206.5473220379585
286.09559759650654
285.789158286885
-206.54732203795908
287.769559113836
-214.58400800266926
285.25985195331185
286.9593284598937
-205.12074992102387
287.1033077108896
-213.9207665955827
-217.98954455948729
287.10330771088536
285.6415651275098
285.78915828688656
285.78915828689026
285.78915828688343
287.4449907085813
285.7891582868877
285.78915828689026
285.78915828688645
285.7953512073829
285.78459609007854
285.7891582868902
-214.617899936535
-212.89669228911438
285.691835181196
286.2920508958183
285.78915828688406
285.7891582868872
285.789158286884
-214.49487537647263
285.12539105357314
-216.96571266511535
284.70638761936965
285.78915828688446
285.15212650422444
285.7845960900817
-214.18121576640718
287.10330771088906
-213.70954678350157
-214.6698629369089
287.1033077108891
-203.5673008170227
284.80352738763673
286.41813351243167
-213.92076659558535
287.10330771089053
-214.05815890247743
-212.80147146640178
287.1033077108848
-213.8990697499115
-201.8653291175624
287.8539084850173
285.78915828688196
-213.25727054629488
287.2276203996255
285.7891582868876
285.7891582868892
287.22990893768423
285.7891582868836
-205.12074992102342
287.72588425303815
287.77098209131947
285.78915828688514
-213.25727054629272
286.54547612820403
-216.98179471571677
287.77098209131464
-218.14552986745326
-212.83244449626724
287.77098209131685
-213.70954678350293
287.2583111513171
285.7891582868908
286.0309522357582
278.8310040276845
-214.05815890247038
284.74791547808496
-205.12074992102396
287.10330771088496
285.78915828688287
285.7891582868854
276.2979325165452
-214.80014141780484
287.2276203996262
285.7891582868872
287.77098209131543
-206.5473220379578
287.1033077108881
285.6415651275108
285.7891582868845
-214.05815890247075
285.4406150366859
-216.28112343916294
287.74487522162536
285.8754465565802
285.19045647375884
285.7891582868822
285.7891582868855
-203.56730081702315
287.7709820913174
285.78459609008047
285.7891582868856
285.87544655657683
285.78915828688173
285.292039973643
-214.93546644975297
-213.42374404835294
-212.75867929113699
287.7799673995717
286.22079354096434
-214.8550240479317
-212.3172839852667
-212.344225420287
286.3911508643177
282.77771945839424
285.78915828688827
-205.12074992102333
287.1033077108858
-213.9412223548036
285.0288507915328
286.2920508958204
287.2289918520307
285.7891582868883
-216.98179471572672
287.26973021401034
-213.92076659558586
287.77098209131367
-225.74759648577805
287.7709820913167
287.7402232237268
285.5886394409828
286.29205089581876
284.9322330066718
285.7891582868823
285.78915828689276
285.84831887229075
285.789158286887
285.5945810221163
285.7891582868842
-215.98550916505582
287.3284091559071
287.1033077108798
-206.5473220379597
286.921142529178
285.78915828688343
286.16553711721264
285.7891582868853
285.78915828688395
287.7902452652282
288.08822824110763
285.7891582868895
-214.80014141780654
287.7709820913117
222.70215994349758
-214.73192413903953
287.77098209131225
-214.73192413904323
287.7448752216226
286.56669214491444
-213.9412223548046
-214.7319241390336
287.7709820913138
287.77098209130975
286.56669214491467
286.48925010749457
287.0632126102222
286.7426236053966
284.98719383640656
286.94243079985256
286.39999761303346
-215.7249262691168
287.32840915590805
284.98719383641725
285.1521265042217
286.5666921449164
288.42833915864566
287.51819179480805
286.22940064781034
-214.78040455210302
-215.29109650802422
287.6481815432291
282.8048277660772
286.39999761304136
284.9871938364048
286.69758288936623
-213.60000238695665
287.7709820913083
286.39999761303807
286.3999976130398
267.04204384966306
284.21775338422805
286.39999761303966
286.3999976130392
-216.91159755532573
287.77098209131174
287.8397970442664
286.39999761304034
-212.38962990327272
-239.39772180230256
287.7709820913104
-212.38962990327371
-203.59493235895516
286.3999976130401
284.9871938364145
286.88925509119605
-213.60997472455892
287.7695591138257
286.39999761304006
284.2177533842213
286.54343532227057
286.61856634481194
286.3999976130377
286.39999761304057
288.42833915864213
-226.61713578688497
286.93971899019175
284.9408377434086
281.0954923919157
287.76557862652913
-217.23980379319758
287.32840915590407
-203.56730081702327
286.9397189901895
287.429163057296
284.21775338421907
-203.56730081702312
287.7709820913066
288.0694906535282
286.5666921449136
-240.91850829642038
285.43948429176464
287.92464786141386
286.6587225936626
286.1295749236387
-212.38767732765575
287.7709820913068
-215.9634578004662
-212.50034927069
287.1033077108709
-212.3876773276523
-212.31728398527304
287.6903620838924
288.4283391586393
288.4089533785591
288.4283391586379
286.5434353222713
-236.63232869435694
287.26973021400187
288.42833915863736
287.10330771087155
285.47130961630546
285.47130961630273
288.42833915864213
288.42833915863724
277.16224263934765
-223.069827526648
-219.53242799813782
287.1033077108632
-231.4529811807508
287.7499575981515
284.4073003543157
-251.83975468264438
-234.40221030128853
278.8199785938541
270.16450267517416
286.07706810576553
-218.8443456284516
-257.372841217792
-258.998861974936
286.78801468624874
-222.49511506806735
-224.41217417492132
255.34299471781173
281.97668057429803
-220.4189647195957
-217.62198435093552
-225.71126806205038
-236.21814847560316
-225.64861668022175
-292.596635312858
-244.76373230460945
-226.98336077696638
-219.4071185428493
-249.8856436699153
286.0770094251792
-231.36187949225737
269.7896661761205
278.1435997904628
275.6450132228217
271.27252006714235
277.18294540792937
-215.36023105771
287.0829209010937
287.78083685103076
-218.3283145966842
280.82465243533073
285.471309616306
-217.59941441486347
286.48806932336703
-218.89061953504114
283.7563734497738
282.2985392365671
213.83026119193823
-222.5214499218388
-261.6647716730076
-229.29539752052222
-235.16814736823494
280.824652435319
281.9766805742867
281.9766805742927
-215.977928312467
-218.3107450762066
-225.80631993442017
271.27403323577255
-217.06652866618708
-249.01233518087025
279.22133801228915
244.74742061157275
286.63204247437795
-218.39408307501242
255.16323730012084
-349.0739646717242
-217.84421050965233
-260.44673935331366
272.69034619927584
-258.0407219444196
-226.3733376171061
280.8009760751347
-218.24623467359555
284.64316579412605
277.3024773625259
-245.56855479922964
-225.6062585071818
-239.87309460684747
287.72983735083494
281.97668057428405
281.9766805742848
-217.69111624211087
-270.16989758800696
-245.41627575604036
-227.02528482034006
-201.86532911756197
281.19942246220637
273.85769828000537
-244.2801474019302
-225.6486166802162
-239.38262633034824
284.446587773797
-220.33014996229974
-225.8350508024631
284.9845751104086
282.2616759877188
-254.06018158763143
-217.0347723502416
213.31582835891922
-213.8315875776247
-213.18413430573045
-217.91360575780536
-230.0287400106597
281.0050446262878
-310.0756702319872
284.984575110406
260.1881906200295
-219.3803105142457
267.5186400878496
-231.20856460037598
-216.58826106907986
287.749957598151
281.97668057428683
-235.80716891033708
280.8246524353038
282.89151742628536
-218.5615035751146
236.51826539708128
-207.53272751480455
280.80097607512903
281.5791084196037
281.97668057429047
-225.1130213745161
284.9366211813217
-227.20681654803457
-226.79565785568835
-216.58826106907483
284.98457511041164
-218.19908474613734
-220.0145833765755
-216.58826106907864
-216.5882610690768
270.7258667492659
285.45842943219543
281.9766805742793
285.52964476108895
-217.27100278378893
-216.5882610690752
287.6712845741467
-203.51922885137094
-252.53535771785425
-225.17840305376868
-335.20451882887863
-216.5882610690748
-220.70235585298144
271.19208406183645
-215.89561886770468
-247.71581217595303
-258.49137589248136
249.6145510784394
285.1405753547782
-218.17642236992486
-284.6587650437277
-203.57260039014847
-220.61489114341373
284.1362177267362
-288.8105036271783
-242.9638681852593
-226.90514408265489
-229.67154984875583
203.225687989665
287.48975643211804
285.5060817563557
-259.3237975110686
-216.28576736836737
276.2932612194537
287.4897564321198
256.0842169876125
271.7454651900763
285.52964476108855
-296.43500342425136
-242.72808204415153
281.4464440907172
-230.035961176437
-227.34200045325005
-341.4490834134934
229.49252209551986
-216.8430326150075
284.3591564252514
287.20335288646
-261.7847846421456
-224.41217417493715
-205.13009577196775
287.27799110681354
-220.52394687563304
-222.32251690130465
239.30456975374068
268.3399201642426
-218.7000965265911
-243.55701456512878
-290.51366612172
279.9330254053062
