-212.9200616444132
-215.21375606585136
-210.74935999182003
-203.5726003901498
-205.10775104974255
-201.86532911756282
-205.12074992102362
-207.72790011432505
-209.27496059168524
-203.51922885136906
-215.06473249425
-213.75940844034574
-201.86532911756254
-220.53093998207402
-213.55421114952358
-209.6855865878742
-212.22367964222528
286.33860926405066
-209.91354119761067
-207.52081707624052
-216.2168538904907
-213.20836831751475
-216.93906931169036
-205.13009577196758
-212.01459459048993
-213.56113411982682
-208.897602137278
-206.69152295605602
-203.51922885136923
-201.86532911756248
-203.57260039014966
-212.70307246568717
-213.01797319130077
-203.5192288513692
-203.65102830560843
-217.4626822902643
-215.23014829460155
-212.5662282501011
-201.86532911756237
-212.3232276353965
-208.09740714062423
-213.42923501316668
-208.72651936390196
-213.53794473910207
-209.80351050731645
-212.22333607866676
-213.54620724184366
-213.68564757295744
-212.70219657947288
-211.96412819693003
-203.51922885136904
-212.63698538162015
-213.18027733393862
-213.15480822940808
-205.19795033001586
-212.26527752137739
-213.43876609224742
-201.86532911756254
-205.13009577196772
-213.1017638262187
-212.2830406669512
-211.92419160531216
-203.56730081702298
-212.25645013483242
-208.82377383832682
-213.7445933145441
-211.92419160531628
-211.32743067109854
-214.70648381248026
-201.86532911756277
-214.28588371314558
-213.14562567043623
-213.13935805955097
-212.3232276354026
-203.57260039014955
288.2199883240472
-214.52461267874554
-206.5473220379597
287.7579663428391
-212.3073113335526
-214.0585824784741
-213.1689350422483
-201.86532911756285
-205.1300957719679
-208.90129554313813
-203.5673008170231
-212.2687794003148
-212.32322763539747
-208.09740714062292
-214.50011266526832
-215.73075017638072
-214.47104835470262
-212.4986034513767
-211.4063851300133
-214.1807047364701
-201.86532911756242
-201.86532911756242
-206.34250937641121
-212.29596856386397
287.5755758404506
-212.2442829565031
-214.37365816070218
-213.13615735293212
-212.26541232083207
-203.57260039014955
-212.23196192228303
-210.11887981859033
-212.43423354300435
-212.33536373150434
-211.9241916053191
-212.3214510382348
-206.5212055984346
288.034587226009
-213.8522622893726
-206.5473220379582
-212.7363171546892
-212.5488665112559
-212.4986034513769
-214.87187506015582
-210.54337175419775
287.9461401900806
-212.18879508517958
-203.51922885136923
286.72394103999727
-212.19468600423983
284.6366135132679
286.47962254492296
-214.32218577524878
-212.66200884975927
286.35963235886965
287.4416412591548
-214.9717029077311
286.47962254492074
-217.7304086956418
284.06913372251313
287.76236866498243
-214.02612552456293
287.3919609155286
-205.1979503300163
-212.81169514767362
-212.58988913790378
-218.21873566819474
-214.4552926050566
-206.38759594976696
-212.77362920590454
-210.06335286311023
-212.9330480909834
-215.74236290913157
-212.77036337790943
-212.77036337790673
-216.1997938792297
-215.76273727622188
-212.498603451382
-207.90561774047464
-214.87187506015718
-218.545526817666
-208.83240435537834
-206.5473220379583
287.5767147025752
285.37946532946
286.9956733265604
-213.8284558637228
-205.120749921023
-213.35878782410992
287.61393617614226
-214.37986319612253
-214.85575113023344
-212.8116951476739
-213.5560691563431
287.61393617614436
287.61393617614635
287.6139361761452
-213.228694646548
-215.38735185137733
-210.6053858681318
287.6139361761435
287.6218913481472
287.70977037959165
-214.34923570833166
-215.84822962844638
-212.32145103823865
-212.97157593973665
-213.16302976689016
286.79454781942684
-213.87150892482578
-213.9941895077952
-213.8669274839916
287.8108433762449
287.5911870521095
-213.2778870814042
-213.73713758305738
-213.1630297668906
-212.29669053827178
288.1051464545316
287.1920527521466
288.10514645452923
-216.6446252902395
-215.01550555343394
-213.16302976689295
-213.16302976688976
-213.16302976688948
287.61111600766725
286.4796225449173
-212.44089466831014
287.44164125914375
-212.39319363165708
286.2687047696722
284.74990261534884
-215.5481140712699
287.4416412591471
287.6139361761417
-213.3234684287064
-214.06967425832832
287.65620737090603
287.6139361761419
-215.20351835232995
-212.4028208568724
-221.77686169429512
287.19007576821224
284.44206846808083
287.6139361761464
-214.5339708117982
287.6139361761412
287.78223339336205
287.4416412591431
287.6139361761424
-205.1300957719673
287.61393617614146
-203.51922885136955
287.613936176141
287.40451659357666
287.61393617614254
287.6335593646071
-222.88963809995602
287.6139361761417
-215.1809975911206
286.99567332655005
287.6139361761432
287.60887580717645
287.61393617614266
287.61393617614226
-216.13972672121145
287.6139361761423
287.6139361761424
287.6139361761414
287.6139361761401
287.6139361761389
287.61393617613845
287.61393617613857
-214.04374531109363
-212.61604034734765
-212.52948032645926
-209.15839659754153
-212.77036337791372
-212.77036337792188
-212.7703633779117
-212.77036337791063
287.4416412591442
287.44164125914176
287.19007576821423
287.6139361761395
-212.68901930251894
287.6088758071735
287.40451659357484
287.62189134813394
-210.06335286311366
-214.31995202408055
284.9640844590368
287.61393617614107
287.3481202618435
287.6139361761386
287.80433116054843
287.61393617613714
-214.31995202408223
-216.57845696324375
287.6139361761387
287.30941207545555
287.6139361761384
-214.733520257571
-213.47615240020355
287.61393617613965
-217.97138778184922
-209.80351050732648
287.61393617613567
288.184136017396
-213.6740303163799
-219.90778016061847
-213.67403031638335
287.6139361761373
-214.67815381412626
286.08679166539804
287.6139361761397
287.6139361761391
287.61393617613504
287.61393617613896
-214.755354573308
-216.59909676457906
287.61393617613805
287.61393617613965
287.8652545931458
284.43552548446087
-203.65102830560903
286.20758657914956
287.44164125913727
286.69879020983836
-213.25090409409037
-214.39480264719393
-212.39319363166388
-213.68739872942328
287.61393617613624
-213.12163672852384
-214.31995202408382
-214.66194244581382
-214.90963370209826
-214.3199520240813
-216.04889333772425
287.32244792655734
-216.13560376808377
-215.20729971240524
-214.31995202408208
-214.31995202408515
-217.09374989413396
286.3143521718548
-212.96716070660574
-213.0219180021469
-213.26833196178757
-213.26833196178532
-213.26833196179
-213.2683319617897
-213.24161306176728
-213.02191800214567
-213.02191800214325
287.62189134813144
287.3919609155182
-213.02191800214464
-214.3643790766353
-213.02191800214436
-216.35769327279743
-213.66588062486028
278.2211884706038
287.6218913481323
-213.13075765992193
285.8975889623849
287.6139361761375
287.6139361761348
-213.06911731236224
-213.06911731236332
286.3596323588433
287.6139361761358
287.61393617613606
287.6139361761363
-203.65102830560926
-212.9165143264275
287.44164125913164
287.5794954850608
287.61111600765713
287.6111160076582
286.3143521718549
-206.52120559843925
284.7562278607694
287.9280964528599
-213.737137583064
287.61111600765366
287.19007576820246
287.61111600765787
287.61111600765804
286.6447992186936
287.6111160076605
-207.67910482960323
287.6111160076573
287.6111160076582
286.7901349092529
287.61111600766
-212.64863094327575
-212.87078315273203
287.09268400315915
287.97358652145107
-213.12163672852589
285.70610091421247
282.39067578133375
285.8457221955571
286.7901349092584
287.5794954850569
287.6111160076598
288.1051464545196
287.6139361761345
285.11193265818065
287.44164125913187
287.57949548505775
286.4796225448998
287.6111160076552
287.5794954850539
-212.24183809197612
287.57949548505104
285.194404111516
287.6111160076565
287.5794954850503
287.6111160076568
-214.13508865266522
287.57949548505223
286.7901349092588
287.61111600765406
287.7590575427249
287.4416412591293
286.4796225448986
285.93869987701515
287.6139361761305
-212.738249021324
287.30941207544987
287.6139361761313
287.6139361761345
285.8352925290035
286.1526671861422
288.0169221481879
-213.29803903662773
287.6139361761344
287.6139361761337
287.61393617613413
287.97358652144794
287.6139361761321
287.61393617613504
287.62189134812616
287.1900757682005
285.0101675154945
285.22522200873095
287.7822333933541
287.6139361761353
287.61393617613254
285.09011466847926
287.9461401900696
-215.61374195213625
287.6139361761323
286.02553785810755
287.6139361761324
287.4416412591331
285.8370266962548
287.6139361761294
287.44164125913215
284.9620115856923
287.60726902263144
-213.33311219798432
287.613936176132
287.6139361761327
286.4030763156278
287.6139361761328
-216.20831497326736
287.61393617613106
287.6139361761315
285.83529252901036
286.4796225448997
287.61393617613385
-213.0728157091821
287.61111600765474
287.19007576819484
286.00879606991134
286.9077467585374
287.61393617613254
287.61393617613277
287.6088758071666
283.7061423193138
-213.15803885741806
285.8075831342393
-207.90561774047663
285.86491134732586
285.9724482447167
284.288843493832
287.6139361761356
287.6139361761299
285.8649113473297
284.78033240984786
287.6139361761338
287.6139361761306
287.61393617612725
286.90774675854084
-212.15704144832398
-215.29030643783173
287.6088758071648
287.6139361761292
287.6139361761284
285.03738101648054
287.9461401900707
287.3094120754462
-213.1216367285333
287.6139361761286
282.8750331769808
-213.78189611053014
288.1051464545204
286.3384283475836
287.4045165935663
286.79013490925246
-213.12163672853416
-212.89447102585524
287.613936176131
284.94229847259805
287.61393617612964
286.63200537355294
287.6139361761252
286.4796225448961
-212.88118187838984
287.608875807163
-213.29803903663094
287.7416926603267
287.81123184194814
287.6111160076498
287.6111160076534
287.6111160076495
-212.24183809198578
287.61111600765076
288.18413601738894
287.61111600765145
287.6139361761277
-212.3931936316737
287.611116007651
287.6088758071631
287.4045165935662
288.1841360173915
287.61393617612805
286.40307631562365
287.61393617612976
287.6139361761291
287.6111160076519
287.6139361761323
-219.3489866965429
287.61393617612515
287.61111600765224
287.61393617612754
287.61393617613123
287.613936176125
287.94614019006764
287.6139361761259
287.61393617612737
286.77377481715047
287.1900757681987
287.6139361761297
285.22522200874346
287.6139361761243
285.74058268616074
287.61111600764696
287.6111160076516
285.7405826861464
287.61111600764553
287.61393617612384
284.8540768652906
285.8457221955551
-207.86930324906325
287.6139361761282
286.0060332792589
288.18413601738325
287.6139361761271
286.4030763156218
286.40307631562297
287.6664769532008
287.6111160076468
284.40002031768796
287.6111160076424
287.6111160076465
286.3640686727616
287.61111600764326
-213.12163672854157
287.6111160076455
287.61111600765366
287.611116007647
287.6111160076486
287.7651185613809
-203.51922885137023
287.61111600764553
287.9461401900642
287.6111160076497
287.6139361761202
286.35383518913227
286.9037840472814
287.5794954850473
287.44164125912454
286.05307730434015
287.61111600764815
287.57671470256673
287.59118705209323
283.9662316219696
-212.5954834064404
287.6111160076516
287.57949548504064
-213.0293914017534
-212.9818740281844
285.74058268615204
-214.36717491914126
287.6111160076453
287.6111160076446
287.76511856137927
287.6111160076479
-205.1979503300185
287.6111160076503
287.6111160076506
287.6111160076486
287.57949548503836
287.61111600764866
287.57949548504126
-212.52418573727675
287.5911870520951
286.71639925679204
286.37027358850315
286.4966899495039
287.8169655136081
287.6111160076478
-217.9939183120599
287.61111600764673
287.9735865214362
-214.61515524269444
287.61111600764633
287.4045165935599
287.61111600764855
-212.62067864479312
287.5794954850441
287.5794954850392
286.7901349092421
287.57949548503814
-212.689019302535
287.3039454183682
287.57949548504297
287.16647222954157
287.6111160076456
-215.46835392548047
287.5794954850398
287.38333873164004
287.579495485037
287.57949548503876
287.9735865214354
287.5794954850427
286.15266718613486
287.6139361761212
287.6111160076462
-212.52418573728457
287.6111160076431
285.7405826861359
287.57949548503495
287.40451659355017
287.6111160076436
287.61111600764275
287.61111600764144
287.5794954850378
286.83334124799705
-214.17271180798406
-207.87416258101157
-212.59548340644488
287.44164125911675
287.61393617612
287.6111160076422
285.2768137388606
287.804331160536
287.6111160076436
287.4416412591165
286.4030763156087
287.98095783686136
287.5767147025629
-215.72304335697802
287.61111600763974
287.6111160076404
287.6111160076441
287.61111600764326
-212.24183809199178
287.6111160076425
287.61111600764036
-212.24183809199033
287.611116007642
288.1051464545105
286.6814325462253
-212.24183809199207
287.6111160076426
287.6111160076419
287.6111160076421
287.61111600763866
285.434701721401
288.10514645451224
287.61111600764355
287.6111160076388
287.6139361761225
286.4796225448797
285.247784503623
287.61111600764207
287.6111160076454
285.7231498381895
287.61111600763985
287.61111600764156
287.4416412591156
287.61111600763763
287.272194994858
287.61111600763957
287.6111160076406
287.61111600763826
-214.96568508908328
287.6546366926097
287.61111600764093
-215.4683539254793
287.2804338009803
287.61111600764184
287.61111600764633
284.894057466557
-212.4088129479145
-214.5355520744746
287.61111600764133
287.61111600764053
286.4626789366196
284.5385481252774
287.74169266031737
-212.37872862507302
284.9589795456755
287.76984619536546
287.7699716789107
287.97358652143316
286.38676764457614
287.97358652143544
287.9735865214324
287.9735865214313
288.18413601738104
287.6111160076373
287.6111160076454
287.76984619536285
288.1841360173827
287.28043380098194
284.4623593849843
-217.66127212593187
288.10514645451076
288.1051464545114
284.67981257300363
-212.87078315274388
287.61111600764485
288.10514645451235
-215.46835392548473
285.0233825071525
288.1841360173774
288.10514645450814
287.7149406401471
284.6516395715268
-213.53107705928718
287.44164125911533
286.2685658018542
-213.18348533283958
287.28043380097967
288.1051464545065
288.10514645450456
287.6335593645821
288.10514645450894
287.75026423261124
287.3731595805522
287.4847305897098
288.1841360173773
285.19917917130954
288.1051464545059
288.184136017378
287.8286173989066
288.18413601737785
287.97358652142924
287.74169266031913
287.7686338145463
287.76984619536535
-206.54732203795757
286.7735847938042
286.07543715251376
287.76984619536535
287.7698461953622
287.7698461953613
287.61393617611463
287.19007576818245
287.7698461953641
287.9735865214292
286.4192771506713
287.9735865214305
287.9735865214299
287.7542529590544
287.82861739890603
287.9735865214308
287.9735865214292
283.8564139571063
287.74169266031464
284.96428560551095
287.9735865214337
287.97358652143174
287.97358652142884
287.7416926603165
287.9735865214313
285.7330916715322
-214.03511233119963
-209.43760083755114
287.9735865214308
287.97358652143333
287.9735865214322
287.9735865214295
-212.18678528510682
287.7544835693914
287.9735865214289
-224.35670846005087
287.97358652143043
287.9735865214299
287.97358652142776
286.8669527791042
286.69838705975656
287.97358652143157
287.9735865214316
287.9735865214301
-212.32728034934217
286.2531805163486
287.97358652142697
287.61393617611566
286.55079787439394
287.66647695319625
287.76984619536023
287.76984619536034
287.76984619536154
-206.69152295606125
287.8256722722182
287.7698461953573
287.6335593645731
287.9735865214236
287.9735865214269
287.66647695319324
284.2235388841456
286.03015350147865
287.9735865214282
287.61393617610713
287.9735865214265
287.97358652142697
287.1900757681805
287.97358652143026
288.1841360173735
287.9735865214265
-212.378728625086
287.9735865214299
-212.32728034933902
287.9735865214299
287.9735865214281
285.55553212454214
287.9735865214278
287.9735865214273
286.03015350147757
-212.32728034934246
-212.32728034934243
287.6168951730256
284.9483101562717
287.9735865214285
287.64805816650033
-208.7016481396043
-203.5673008170232
285.4009287692253
285.71892681985094
287.97358652142645
287.7416926603128
288.17510775190857
287.9735865214257
286.0301535014744
284.94897584139807
287.9735865214234
282.4689087122423
284.4061955322748
-210.1098368331862
282.24356885409105
283.58856159725303
-213.0677057231233
-216.83199375533675
287.0333400836378
287.03334008363754
287.8286173989007
287.97358652142645
-222.8875415817298
-212.5070523263513
287.616895173018
-203.57260039014903
287.76984619535546
-222.41128438681562
286.0301535014753
287.973586521425
285.01266354079416
-203.5726003901494
287.9735865214252
283.58856159726156
283.58856159725934
287.97358652142225
287.9735865214257
286.87741552610606
288.1841360173734
287.9735865214241
287.973586521423
287.61689517301585
288.10514645449814
287.9735865214213
287.1745873597741
288.12447718408146
283.2264280413851
287.9735865214216
287.97358652142043
287.7345876791148
-217.99536577299796
-220.59377377751204
287.97358652142367
286.3282693257456
287.9735865214249
287.97358652142293
285.34292811901946
285.95043198914345
287.9735865214217
287.97358652142196
287.973586521422
287.9735865214224
-216.6636486581422
287.66647695318807
287.66647695318846
287.66647695318755
287.52930435376555
287.66647695318574
-214.7080801984463
287.666476953188
283.0867307364669
283.42663646432254
287.6664769531897
286.4796225448637
283.5885615972548
287.666476953188
286.49668994948195
287.6664769531915
287.6664769531879
287.66647695318517
286.9031957326506
285.01266354079877
284.9681578799023
-213.7189788285438
288.12811690408216
287.66647695319136
-216.65456793795892
287.66647695318886
284.1028059329765
283.58856159725156
288.1281169040792
287.666476953187
287.66647695319
287.03334008363777
-211.05107762523593
-215.29937655386914
287.9735865214161
287.66647695318466
287.4994245756858
274.2883051778608
285.76654088051254
287.6882082993999
277.8713163714168
287.66647695318863
287.6664769531863
285.44055481818555
288.0922646502862
286.90319573264696
287.66647695318716
287.6664769531868
283.70945645969147
276.4553098800575
-201.8653291175619
287.44164125910214
287.8595913486517
-214.30415667840592
287.62189134809955
-215.08408563777482
-215.08408563776865
287.6139361761037
288.1841360173663
-212.28505935986732
287.613936176102
287.6139361761061
286.03015350147075
-215.6456308649901
287.61393617610236
282.9516207647621
-222.82388409212788
284.86015693465856
287.66647695318636
283.08629266891904
-201.86532911756163
-215.37630178639267
285.53373884086113
281.9639378353689
-212.3442254202937
287.7402232237183
287.74022322371616
287.2942834517532
-213.7072923834302
287.3810194964574
287.381019496457
287.70595057352205
-220.67020277021902
287.38101949645744
-213.04842668241173
285.9531190137309
283.63689273912775
287.2619018810718
-218.4866157987747
287.6681843112417
287.38101949645375
-212.70554492665127
287.1508727861397
-225.8206371832178
287.811890338047
287.1079289877901
286.9286225834203
287.9117178124051
287.3810194964576
287.38101949645494
287.6903620838911
285.7231498381638
287.7186213660134
287.6664769531876
287.6664769531879
-231.77685444947272
287.41980141371965
283.588561597248
287.7458576486695
287.4198014137192
282.646678823066
287.41980141371727
282.64667882307464
287.41980141371573
283.5885615972411
287.5371013451427
284.18424229292094
285.2293583214493
287.740223223715
283.4266364643094
287.74022322371616
287.740223223714
287.7402232237134
287.73650568571196
-213.3465828196994
285.8061820296878
287.7686338145351
284.54864943698635
284.7186402236114
287.740223223713
287.7402232237143
287.74022322371115
272.99821001032126
287.7402232237146
287.6222627626669
-215.40299439344435
287.7402232237123
276.7559788022656
284.4626012347896
287.62226276266364
-207.86930324906209
287.7402232237144
284.97454603427764
284.0524809286244
287.78968700254313
287.7402232237169
287.7402232237105
286.95896596152846
287.82405516158866
-222.9767683868671
287.6903620838901
284.19316656556884
-214.65135197511742
286.6357083881303
284.3637777763918
-217.9391601313796
287.41980141371596
284.8324425944244
287.41980141371636
285.3712342956971
287.41980141371613
287.4198014137148
287.41980141372017
287.70894420292075
287.41980141371613
287.4198014137119
287.41980141372
287.8112318419178
287.72808420796406
287.82567227220073
287.41980141371664
287.788109799557
287.4198014137137
-213.74536174553205
-213.05522442596157
-221.65501014142183
287.412415294168
287.72808420796224
-214.12442207246565
287.41980141371585
-212.51138195449536
284.67981257300306
287.2942834517442
287.29428345174944
-212.76190739490315
286.8041683807133
287.7365056857091
287.622262762663
287.6222627626633
282.4610848873026
287.62226276266426
282.7254130490532
283.34644577107474
287.6882082993944
287.6222627626632
286.68300306643084
288.21056673943156
287.70228648953923
-214.6625729378447
287.7402232237096
287.76863381452705
-216.87009897727327
287.39088134562775
286.858480033621
287.7699716788925
286.9415494035961
284.6598821192203
-213.68985381436545
-208.0974071406329
286.4005982960849
282.61674339908524
-212.52404858664985
-203.5726003901483
287.49177658885026
288.17510775190135
-213.74536174553882
287.41980141371835
286.26856580183033
286.5507978743691
286.34215961082725
-213.7453617455356
287.41980141371533
287.03334008362344
287.4198014137155
-212.45127390200216
287.41980141371465
284.679812572995
285.2618486189923
287.41980141371596
286.56363216535016
287.1587267214653
287.4198014137116
286.53934377618987
-229.4984633046868
287.41980141371323
287.4198014137159
287.41980141371204
286.3421596108322
287.6882082993918
285.47943019844354
287.6903620838899
285.9790591947071
284.95897954564265
287.41980141371005
287.4198014137138
287.4198014137135
287.41980141371323
282.4270694421193
287.41980141371516
287.4198014137119
287.3908813456272
-213.35147068848406
-212.76190739490698
286.9415494035944
287.4198014137112
-218.42222385647833
286.367780456662
288.1841360173607
287.41980141371175
287.4198014137096
287.4198014137143
287.77261977920733
287.419801413714
287.41980141371477
286.941549403595
-215.60440597390908
287.41980141371306
287.4198014137154
-214.77660583623737
287.4198014137114
-218.3576550528494
287.4198014137123
287.41980141371437
-212.50452434712628
-213.68794432754927
287.4198014137115
287.41980141371386
285.1097807199735
287.419801413712
287.41980141371266
285.4887098488828
287.0333400836197
287.033340083622
287.4198014137148
-213.1479033583796
284.7880721704788
286.8594646993613
287.55703145502775
284.6798125729994
287.63355936455457
286.295558988741
285.73067123823483
286.4030763155755
287.41980141370806
287.419801413712
287.4198014137141
287.41980141371164
287.41980141371096
284.7505943849125
287.6882082993873
284.9467718906136
286.4626789365704
285.1686854891761
285.7189268198263
287.39088134562405
284.3897078158505
287.6882082993902
284.47782742207255
287.237363483816
287.41980141370834
286.0546026291349
287.1900757681517
287.4198014137097
287.41980141370607
285.73067123822784
287.41980141370817
-212.58019858629086
287.41980141371
287.7089442029154
287.41980141370857
287.4198014137104
287.41980141370925
287.4198014137108
284.9539198321193
-205.19795033002316
287.1587267214609
288.0678546812413
-212.6363380299791
287.41980141371016
-212.5801985862881
282.7254130490525
285.38843905295965
287.41980141371084
287.2171013804394
284.43159850101927
287.4198014137064
287.3908813456231
287.15872672146423
287.7089442029162
287.76997167888294
287.4198014137064
287.7699716788848
285.73067123822676
287.708944202913
284.8143591103372
287.2671719785045
287.4198014137078
287.4198014137065
286.6544831551741
-208.89760213730855
287.6903620838857
284.7843826018226
-216.19761573680532
287.3908813456234
288.1341712506171
287.78810979955597
-203.5673008170229
287.419801413709
287.4198014137082
287.41980141370647
287.4198014137061
287.41980141370755
287.03334008362214
-216.4595090647089
287.0333400836202
288.06785468123536
287.41980141370834
287.41980141370817
286.11266876190194
288.0678546812364
287.41980141371045
287.6882082993855
287.41980141370925
-212.63633802998135
285.5684438213478
-212.580198586293
285.9790591947065
-221.9037150009787
287.4198014137084
287.7089442029147
285.50444262530436
-213.0238782843713
285.50444262530704
-214.92123342127854
287.5570314550227
287.41980141370755
287.4198014137072
-213.63275727902158
287.4198014137068
287.1587267214647
284.548649436967
286.3421596108207
287.41980141370294
287.4198014137076
287.4198014137055
288.134171250614
287.5570314550198
283.2754042619615
284.3182177006628
287.78810979954955
-211.42179684055543
287.03334008361645
287.39088134562155
-203.5192288513713
287.34153991700185
285.48870984887645
287.32127378321087
287.4198014137017
287.41980141370425
-220.77171302331953
287.72808420795644
287.174218762947
-212.66804477334614
288.18413601735216
287.41980141370516
-212.5801985862992
-207.67943643088017
287.76997167888163
-222.75720491259455
287.4198014137062
-222.7445901970798
287.4198014137036
288.21998832399424
287.41980141370504
287.8256722721876
287.4198014137046
285.5044426252957
286.7886761554566
-214.6393379884203
287.4198014137046
288.1244771840616
286.0169910566337
285.41190927926107
286.3421596108148
287.2799707386258
285.8101683590175
287.41980141370016
287.41980141370186
284.15602511607324
285.81016835901835
-203.65102830560997
287.6982195514001
285.81016835901914
287.41980141370266
287.41980141370533
287.4198014137029
285.9790591946992
285.7306712382221
-213.0552244259683
-213.14790335838737
287.4198014137055
287.23258348683305
286.9415494035821
287.22180580414056
286.84153608463674
287.4198014137046
-212.63633802998513
287.74169266028406
-212.63633802998845
287.41980141370215
278.0879712406571
-217.69723754637334
287.41980141370266
287.7881097995451
287.19007576813993
287.7881097995459
-213.05522442596973
287.41980141369896
287.1900757681387
-212.6363380299842
287.41980141370476
-206.54732203795876
-213.71324542958692
287.72808420795934
-213.05522442597166
-213.0552244259682
288.06785468122973
287.41980141370124
287.19007576814386
286.78867615545545
287.4198014137026
287.41980141370834
287.41980141370243
-214.92123342128352
287.0088877525244
287.71862136599657
287.4198014137066
287.4198014137034
286.0704382688496
-214.15267286642097
-218.51943077140962
287.3908813456213
287.4198014137084
287.4198014137029
-207.86930324906427
287.41980141369953
285.109780719973
288.0678546812294
-216.88246358676875
285.5383256176255
-220.45499904923898
287.8286173988739
287.39088134561985
287.6529132449184
287.4198014137001
287.4198014137015
287.4198014136977
287.41980141370226
287.41980141370425
287.4198014137027
-215.82748646884818
287.4198014137011
-212.58019858629737
287.41980141370004
-213.74536174555288
287.7699716788786
-213.05522442597314
287.41980141369993
287.4198014137042
287.1900757681469
287.768633814515
288.105146454475
287.41980141370385
-219.37521204264073
287.41980141369856
287.6903620838798
284.24616841402457
-222.16016350676816
285.5044426253001
287.4198014136982
-205.1979503300236
287.39088134561933
287.7881097995474
287.4198014136976
287.4198014137029
285.1097807199591
287.4198014136977
288.1841360173497
287.41980141369646
-213.1479033583959
287.41980141369964
-214.1828790723954
287.3481563526297
-213.14790335839353
287.4198014136997
287.76997167887384
287.6438213317057
287.4198014137009
-205.07799947877965
287.7881097995444
287.69036208387274
287.5814777503957
-203.59493235895712
287.2942834517316
287.4198014136984
287.4198014136999
287.41980141369635
287.6903620838744
287.4198014136973
286.34215961080633
281.8546008662747
287.4198014136983
287.4198014137008
286.94154940357254
286.7059732691092
277.6441021760202
287.4198014136969
287.419801413696
285.21189240093474
287.3284091558787
283.5532955060517
287.4198014136931
287.41980141369805
287.4198014136968
286.34215961080633
285.109780719962
284.6798125729855
287.4198014136979
287.35089297795594
288.10514645447034
287.4198014136964
287.70894420290665
286.892872882101
287.41980141369686
284.6798125729813
287.4198014136947
-212.63633802999095
286.10501250222467
287.41980141369817
287.4198014136953
287.41980141369595
287.4198014136941
-212.58019858630655
-212.58019858630644
285.7306712382075
287.41980141369424
-212.63633802999118
