-201.8654279717113
-212.6596982982927
-209.01990007306946
-201.8653291175627
-210.82348913173377
-210.3429922077396
-211.46413545979962
-203.57260039015011
-216.25899122192635
-213.7588439208972
-206.42640054801583
-205.13009577196783
-201.86532911756254
-201.86532911756254
-203.51922885136887
-213.08716305707648
-213.7130561459415
-206.6915229560541
-203.5192288513691
-206.37132290134707
-203.56730081702258
-203.5726003901498
-212.89653269814585
-203.59493235895255
287.61627882923705
-215.41529197294147
-214.1193086530962
-203.57260039014994
-212.93302262546072
-205.07799947876785
-212.10536072827955
286.7855267761829
-203.51922885136892
-201.86532911756265
-205.12074992102313
-208.60545391827335
-207.54754534586164
-213.07690109489673
-203.6510283056085
-213.2777603249836
-209.66507891738775
283.70932934357774
-213.1026477432009
-213.60767173409386
-203.65102830560824
-213.04412079208595
-213.394083564759
-212.80531720630447
-203.5673008170228
-213.4480109771855
-212.0274602932494
-201.86532911756265
-209.54359452176715
-203.5192288513697
-201.86532911756262
-203.57260039014972
-217.50157874911875
-203.51922885136915
-201.8653291175625
-213.6859737352204
-201.86532911756228
-201.8653291175626
-201.86532911756262
-201.86532911756277
-201.86532911756296
-201.86532911756265
-201.86532911756285
-201.8653291175624
-201.86532911756282
-201.86532911756277
-201.8653291175628
-214.5283516281065
-201.8653291175625
-201.86532911756268
-201.8653291175625
-203.5726003901494
-201.8653291175628
-201.8653291175625
-203.57260039014923
-201.86532911756277
-201.8653291175625
-201.86532911756248
-201.86532911756285
-201.8653291175627
-206.3713229013465
-201.86532911756214
-201.86532911756203
-201.86532911756248
-201.8653291175623
-224.8874870814955
-201.86532911756257
-201.8653291175624
-201.86532911756234
-215.56810433364527
-203.5726003901492
-201.86532911756242
-203.57260039014926
271.8373305662576
-201.86532911756242
-207.70369683306214
-212.94389139365563
-206.45637305725742
-207.53272751480398
-206.3713229013471
-201.86532911756248
-201.86532911756277
-201.86532911756262
-201.86532911756282
-206.4262226133828
-201.86532911756257
-201.86532911756254
-203.5192288513694
-209.7257746380771
-201.86532911756254
-201.86532911756277
-206.42622261338204
-206.42622261338036
-203.5726003901495
-201.86532911756262
-201.86532911756268
-203.51922885136912
-201.8653291175624
-201.86532911756248
-210.74640209826052
-206.34250937641036
-201.86532911756265
-201.8653291175628
-206.4262226133829
-201.8653291175623
-201.86532911756265
-206.426222613382
-206.4262226133827
-201.86532911756228
-201.8653291175624
-201.86532911756242
-203.57260039014977
-206.34250937641113
-201.86532911756254
-201.86532911756262
-206.42622261338173
-201.86532911756254
-201.86532911756245
-201.8653291175623
-206.34250937641053
-201.86532911756223
-207.71693372365453
-201.86532911756265
-201.86532911756262
-203.5192288513694
-201.86532911756262
-201.8653291175627
-212.2318856185438
-213.05519695044833
-212.49860345138077
-205.1207499210226
-211.9241916053221
-212.32322763540353
-212.49860345138222
-205.07799947876993
-212.45275598877737
-213.05792230913255
287.57671470257634
-212.49860345138205
-212.32145103823993
-212.49860345138455
-212.49860345138305
-212.64340072933717
-203.6510283056095
-212.37803526585816
-213.02976170295514
-212.49860345138046
-212.265412320838
-212.49860345138404
-212.4986034513829
-212.24094245727184
288.10514645453236
-213.66607178229728
-210.5662838110686
-213.64593483192093
-224.8180445543116
-253.16929239834923
-212.4492681402484
-212.45024246126297
-211.59372316029035
-211.60735978358144
273.8502558115839
-273.926956009587
-335.96405540926247
-203.5673008170226
276.57604623693675
258.14693444241635
270.91194205315213
-212.24183809196236
-210.06335286311003
273.28024450309954
287.8652545931447
-209.10796538553544
260.574991437921
-210.60538586813203
287.5425033410234
287.78223339336154
-207.6794364308595
-216.95050679623694
-212.3214510382404
282.8424642515218
-210.8705460083054
287.7822333933608
-211.6073597835825
275.2136878930492
275.2136878930556
275.48883767317307
285.90896308062474
255.59561136236124
-212.31809987490928
286.7945478194312
276.2916285603998
-210.8705460083067
-210.60538586813422
276.84953338744486
-207.8741625810041
-224.04586651715852
-213.24270647077412
288.1051464545297
-212.2654123208397
-213.41618475710007
-213.24270647077606
276.114677834579
276.1378380890821
286.9965301981745
274.4920373413348
-133.2683172975253
274.69000825440133
-212.49860345138742
-214.25979925110803
-212.7200546448388
270.35317023749946
275.2136878930672
-222.63873199868078
-210.06335286311298
-209.7159391805505
273.44371762182334
276.33834648664543
260.6501823862594
-209.15839659753917
-212.68901930251548
-212.26541232084526
273.70129280165133
286.8978100348211
-217.45029299112025
-212.32145103824485
274.92251656358496
-212.4986034513859
-212.29217753082472
-214.51455506512772
-212.49860345139356
276.48548148140776
-211.42179684055225
-210.39558277219197
244.17458131356685
-214.25396715310035
278.1957202848813
285.8372302243403
-210.71256181784264
-206.52120559843752
287.49732286926087
-213.21681659905803
279.63024485543866
279.1455708975272
-212.25880637908367
-209.7159391805538
287.7699436193424
-221.68757117944998
286.26870476966945
-208.70164813959258
278.3913446203843
-212.7736292059115
-210.71256181784082
276.9624671713438
276.7401809361096
-206.54732203795837
-209.715939180553
284.2697335152994
-212.26541232085026
-226.947597993513
274.33174074879116
277.01208807852095
287.9541329476013
287.26654251418125
-221.71888631883849
278.5725856302631
-248.63554822028283
-214.28137367185363
-220.39700404318313
-221.25317927122515
278.4703795959724
276.7401809361036
-207.67943643086124
287.2665425141839
-214.1229491311895
-207.67943643086156
279.6012839628766
-212.56143340376354
-239.1989363583741
-212.5607272323133
288.1841360173939
278.47037959596895
278.470379595975
276.3478684220981
271.8692816388435
-229.68896695774652
-208.89760213728545
-213.7084712202129
-221.21525859794266
-221.36029484331397
278.47037959597156
-212.32814392430274
-213.87967467659638
-214.15392350803765
-207.67943643086187
278.47037959597384
280.80027098594417
278.47037959596906
278.04003960469373
265.5345000932632
-221.4897897731125
275.70387526912805
277.01895982610455
-221.65533608224203
-213.1205461270186
-213.87967467659487
288.1841360173928
285.48691174895225
-217.46668884784162
-214.12294913119374
-207.87416258100495
278.47037959596446
282.2647106643449
-226.80730127995463
287.7458576486871
285.65076429166186
278.470379595973
285.6076612320571
-216.36603594783196
288.1841360173949
285.22682793775095
-243.83107333236313
-212.77362920591543
-209.71593918055598
287.26654251418506
285.22682793774896
-205.13009577196772
-213.73969549654583
-208.09740714062696
279.6302448554247
-208.8976021372843
-211.67704235962756
-212.2588063790898
-210.71256181784568
-210.71256181784744
-213.87967467660417
-210.71256181784784
-212.2588063790911
-213.2427064707907
253.3028684281619
267.21015784884736
263.7824695243096
-206.54732203795837
-212.14219319984417
217.7645515912208
285.6507642916619
274.087996106218
286.0087960699144
-229.59867074209538
-210.06335286311906
-211.40638513002514
271.4629096990204
287.9090639979157
285.22682793775357
-213.34739227775506
274.90692342566285
267.6654166591413
-244.03461932427263
252.53054503548003
-214.53327252368726
274.087996106232
-206.54732203795808
-213.43435269692253
-213.34426464231439
276.1767107292649
285.22682793775346
285.65076429166373
276.1146778345945
276.933379536239
-205.13009577196738
-222.87143101759142
-213.5706404159986
275.0732676744786
-212.77528283492603
-221.48978977310918
-209.15839659754698
-212.25880637909114
-215.01816088145858
244.59628790545392
-205.07799947877263
-212.45582860052025
278.08763415661457
177.27570678834704
287.57671470257026
272.4309090518117
-210.28472870227648
-213.109098189159
-210.06335286311736
264.29028081943113
276.43137451186993
268.86982207967037
256.5320630125698
-289.4218035948128
-214.61389586272932
278.08763415661167
-212.2588063790914
265.46417820180517
209.83231472274878
253.03103477743772
-206.54732203795754
223.37251634562227
-212.3241471472647
253.8413768393801
267.44133519228285
276.65781244551005
-209.80351050732656
266.9553585185242
278.08763415661514
261.2083285517906
259.1944279884447
275.0028901517908
208.0486530778034
-212.08057449035525
-213.24270647078885
-210.06335286311932
-223.2620512350153
-214.02224604292823
286.7945478194269
-212.6673293292342
-209.1583965975478
-214.02224604292695
-212.318099874918
268.3657737566987
-208.8976021372868
-213.64582738862686
-208.09740714062718
285.8372302243328
-213.4435328647272
-210.063352863118
259.7649092614898
-237.57897642616254
-209.15839659754778
287.5425033410171
181.95114447220428
-210.39558277220019
-224.34716038743852
262.8611771733969
-210.7339855221007
-209.80351050732875
235.8436591743247
245.2005842516555
-299.92182434993305
264.21094246948843
-206.38759594977074
286.2687047696695
-214.25979925111955
-214.1177188629827
244.90593397944485
241.7874189559846
287.78223339335364
-231.84279223112588
266.75389710982745
-214.25396715311945
-228.73741426280688
-209.10796538553709
-213.24270647079513
255.647762512755
286.79454781942957
271.4629096990131
-201.8653291175627
278.0876341565976
278.0876341566091
278.0876341566117
258.6349194173789
-214.02224604292897
278.11304244597335
267.23904824047895
-222.01109302690782
-219.56716901810157
278.08763415661286
-221.45730598430924
-209.4376008375456
-213.24270647079544
-235.52396377452607
-213.09664413105705
275.9383142221826
-214.2597992511158
-212.69698486620948
-226.96845018548566
275.3715962817603
276.84336748915905
-210.0633528631222
-206.69152295605878
-212.32414714726704
-214.164603305089
287.4973228692586
287.34412286843383
278.0876341565952
286.2687047696677
278.0876341566054
-233.94278084403732
258.72253072638006
-223.30451071163608
279.6302448554181
287.933993512534
278.0876341566059
276.17671072926163
257.6611338494643
-223.34094091127173
-213.03269135109423
-214.11771886298686
276.282996178111
-210.60538586814042
263.52906141006537
-213.24508337805705
-212.72024501001277
287.933993512535
-227.59543582351955
-223.44728118726928
223.75493226938988
286.7945478194271
-212.86459276433655
-213.09664413105457
279.0743266100846
-220.1187109752398
274.5074741915023
274.5468432286288
274.54684322862977
-213.09664413105799
-225.49252580848568
267.565411500267
287.3441228684324
-212.32414714726696
-214.0136783195963
-240.7771922960221
-210.11107159370877
-210.71256181785046
287.6460829312016
-214.02224604293764
254.16809534136226
279.8606081365668
279.8606081365716
246.25265648397777
-213.0966441310634
285.9089630806239
288.1841360173844
278.97695619731235
-209.10796538553745
285.9089630806238
278.97695619730035
287.78223339334954
-210.60538586814556
276.3308657453563
261.17646167845203
278.08763415659234
286.7945478194265
279.86060813657025
-210.3955827722047
276.3308657453696
277.20451372455864
-213.24270647079567
279.630244855416
-222.4859740572479
-214.1646033050931
-224.1058665584885
-212.0046022957724
-227.1900109178037
-209.43760083754336
279.6302448554116
285.90896308062463
279.8606081365746
-209.1583965975505
-209.43760083754637
279.1455708975137
-213.24270647079618
-214.16460330509653
-212.11117245577475
-212.2588063790952
-209.80351050733324
278.97695619728904
-220.2219556257184
255.96618914325694
279.08708219373165
268.03922938596725
-209.1079653855386
-214.1539235080576
285.22682793775255
270.22389518238134
285.5982874312463
-229.4473452086712
266.51422083203533
-209.1583965975513
-208.8976021372905
253.75529789438525
287.82637192097155
279.86060813657883
287.61393617612316
279.902210738932
278.305210956775
287.23487220477153
-226.42656456422156
267.9816145832947
-213.09664413106327
279.86060813657866
-221.45730598430117
-206.69152295605977
287.6218913481147
-208.7016481395998
-207.87416258101229
277.68688115310306
286.90774675853123
-213.7084712202342
-227.71695598250903
-213.12054612702153
277.66450095692585
278.2832084396182
278.3052109567739
278.283208439618
277.69064900073204
-206.6915229560598
287.49732286925996
-206.69152295606045
-211.67704235963728
-213.9176001811101
-212.67147620822223
287.78223339335096
-213.64990270937625
-213.1463998491061
-213.64990270937477
286.587425778
285.9478766713142
-208.82377383834103
268.7302181141802
285.9478766713208
-212.6714762082216
283.9545998757027
-207.67943643086807
-206.3875959497728
286.71524481595634
-210.6053858681468
285.90896308062884
-213.12054612702423
-213.1205461270229
-207.87416258101112
287.76549703787566
286.58742577800007
-212.231961922315
285.947876671315
285.6045370081341
285.3891483898183
285.3891483898229
285.38914838982055
-212.32414714727585
-213.12054612702462
287.79326873517687
-213.12054612702514
285.94787667131874
287.39036208437767
-208.89760213729375
285.94787667132096
287.12199302052926
-213.49247623726285
-213.86577761989884
285.9478766713229
286.79454781943076
-209.8035105073335
285.9478766713184
287.41568386922717
-210.71256181785682
284.1881410798356
272.56283134803294
287.06352618550414
-213.01262140930191
-215.69171863814944
288.0198141538091
285.94787667132306
287.23487220477466
-209.15839659755196
285.9478766713237
-213.1463998491033
-212.00460229577396
285.9478766713226
287.13426102359324
283.95459987570655
-213.1463998491074
285.8372302243333
287.34412286843155
-207.87416258101135
-226.63919020081312
286.308698188077
287.5869139528476
286.29082480616245
-210.06335286312873
-213.0966441310664
-213.12054612702192
286.5874257780001
-213.12054612702346
-213.12054612702573
-213.1205461270236
-211.42179684055418
287.76994361933015
-213.1205461270258
-213.09664413106387
-213.12054612702235
-213.1205461270242
286.58742577799813
-210.0633528631268
-213.2237147090615
285.9478766713225
-213.12054612702374
-209.10796538553777
-212.9224082781387
287.127929066516
-214.60212502158797
-311.97573128032286
-213.12054612702573
-213.12054612702374
-209.43760083754603
-213.1205461270252
-209.10796538553933
-209.10796538553635
287.9218279570367
287.3441228684302
269.38015536687834
288.18413601737524
-209.15839659755213
284.970985483754
287.75026423261124
-209.8035105073369
-213.39792496355432
-212.64503403599227
-213.69357566439618
-209.10796538553674
-212.6474436762733
287.78415972671326
287.35496596400515
287.3441228684269
-217.15578118113476
269.26479288373434
286.449634691226
-213.86577761990128
287.9090639979014
-210.60538586815048
285.9478766713197
-209.43760083754592
-236.2546899036185
-213.12054612702738
-213.12054612702335
-212.88237089950164
-213.31326319115212
-213.12054612702565
-213.23656949067455
-214.35558158437294
-211.19803825856505
-210.8705460083275
-214.3555815843715
-214.3555815843714
280.3568590774316
-203.65102830560969
-214.3555815843713
286.1902977110076
-214.35558158437314
285.06541918631814
262.55827108075823
285.06541918631757
-211.19803825856275
-214.35558158437033
-213.3620940789506
-210.73398552210924
287.8043311605328
-205.197950330019
286.3650580168143
285.9478766713191
285.0654191863179
286.5874257779945
285.0654191863168
286.5874257779985
-251.2811932911266
-212.8379802919693
286.58742577800206
286.58742577799785
-211.19803825856565
-210.39558277220922
286.58742577799944
288.0198141538031
-210.87054600832826
-210.0633528631329
274.0602129402345
-213.1463998491106
275.1427075639314
-208.09740714063298
-212.87940950732064
286.5874257780008
-213.39909274322045
-213.90470351594857
286.5874257779957
272.4428254468048
286.5874257779954
-210.73398552210998
286.90774675852543
286.58742577799626
286.19029771100537
-210.7339855221075
-213.78826632404014
270.9565234338305
286.5874257779963
-217.87623828193608
287.34412286842917
-210.06335286313185
287.76994361932765
-211.19803825857363
-211.1980382585683
286.4939633993342
-210.87054600832903
287.76994361933095
-215.6917186381514
286.58742577799694
287.79291959147
285.229847231297
282.73191315481574
287.3441228684254
-209.43760083755166
287.26654251417864
286.493963399336
287.34412286842604
287.26654251417705
-210.28472870227583
287.01206348223974
-212.75357537520222
286.12389249710805
287.31838820769724
-212.42836055926958
-213.120546127029
-213.69357566439862
287.78968700255194
286.43872980236455
287.3441228684268
-214.38156208125966
-209.10796538553714
285.389148389824
-210.6053858681532
285.38914838981674
-210.60538586815164
-214.18321237604835
285.06541918631694
218.44590284277885
-213.18664296858424
286.6230295818597
-212.67147620822897
-213.5764284764676
286.5874257779972
-210.847382513052
-220.9408947378564
-213.23656949067686
286.09550843648356
286.5874257779967
286.5874257779965
286.58742577799575
-223.54510046613797
286.6448724087185
287.3441228684241
281.2053817063502
286.5874257779914
-210.73398552210864
-212.08057449036514
286.5874257779961
-212.5237064098984
286.5874257779937
286.587425777992
-212.56747547047908
287.9339935125175
286.5874257779974
286.58742577799455
285.612018137279
-210.06335286313524
-203.56730081702267
-214.08016282704253
-210.73398552210932
287.65291324492824
-210.73398552210966
287.6529132449293
285.81016835905143
287.73185617076206
286.58742577799325
286.4387298023653
287.6708206030333
287.4306378012001
-213.099354282937
286.09550843648395
288.0177307112033
287.7318561707587
287.2218058041504
264.3768077087775
287.5767147025521
-214.18321237605153
-208.89760213729926
-208.89760213729804
285.38914838982356
279.60292948752374
260.5248931882802
286.58087316408523
286.5874257779956
-214.38156208125977
285.06541918631524
286.5874257779924
286.66309467252796
286.5874257779906
-207.86930324906405
273.9689073331349
-208.70164813960656
285.3891483898186
286.58742577799563
276.2382387244542
287.2295879853637
286.19029771099815
282.59228744913077
286.5874257779931
285.3891483898197
275.2602425875304
286.5874257779928
286.5874257779954
-208.09740714063466
194.52030070403563
286.5874257779916
-215.94531609133762
-213.71922914211066
285.38914838982004
-214.10460729211135
286.8583995731347
287.57728083958614
287.2403806163961
285.38914838981964
287.9339935125171
285.38914838982055
-213.7882663240405
275.7756384384105
-213.7192291421109
273.2393659394726
-209.1079653855377
285.3891483898194
-209.1583965975583
-208.89760213730196
284.65129252708346
273.68425245075343
288.0177307111982
284.6512925270841
287.67082060303244
264.25191941449896
272.39806446984505
-210.71256181786404
-208.09740714063668
-209.15839659755932
285.38914838982294
273.88586322102265
287.6896603533988
287.1300398732501
-213.87446036202377
272.2710047701652
277.5639685007979
286.65489142165677
265.6717880206386
273.73370317769707
285.30978564705094
287.0571274988994
-213.34658281969485
-213.34658281969826
-213.3465828196963
283.9220257181172
285.9184085395516
-214.10460729211277
286.0955084364831
285.3891483898177
-215.15532172561606
-213.7192291421084
285.698813023399
-213.16397669838057
273.7196034119671
-213.34658281969715
285.3891483898203
286.6732504085586
284.6636890807616
-215.3822955561359
285.38914838982066
282.46794509455765
285.38914838981907
-213.84599161382314
-214.47582162200487
285.38914838982475
285.3891483898166
-209.80351050734515
-212.6714762082365
287.8279013300323
285.3891483898249
-213.67128008381152
-213.04341820279691
287.82790133002874
285.38914838982174
287.6479275888126
287.78415972670547
-213.0368119346617
285.3891483898154
285.41803488463324
-213.71922914211126
-213.78826632404136
285.38914838982396
-214.10460729210902
286.095508436485
287.3908813456312
287.5767147025486
285.3939709504446
285.3891483898216
284.8730909060252
287.56997647734966
284.9539198321264
-209.43760083755495
-213.04341820280507
-213.69357566441317
287.39705903437675
-209.80351050734822
-209.80351050734922
285.3891483898221
285.3289648155476
-205.07799947877658
285.65961921152257
285.38914838981964
-213.71922914211123
-210.7125618178714
287.15872672146844
-213.7192291421107
285.3891483898202
285.3891483898224
285.38914838981833
285.3891483898209
260.881846635752
-209.803510507348
-209.80351050735078
-209.80351050734708
287.1300398732479
285.3891483898209
286.00879606990367
287.7841597267058
285.3891483898188
275.02262844744683
286.62683872255406
-215.32184468323845
-213.05522442595927
285.3891483898229
285.3891483898249
-213.78826632403928
286.00443758742847
285.38914838982197
285.3891483898236
285.3891483898204
242.74136764449298
285.3891483898195
287.00575079544706
287.64792758880895
285.3891483898213
286.19029771099855
-210.60538586816415
269.98714615621435
285.3891483898217
283.9545998757067
285.389148389822
-209.43760083755026
285.389148389817
286.5832591742932
284.65129252708624
285.3891483898237
285.38914838982015
-213.65612283324907
285.3891483898213
-209.80351050734888
274.70206152189564
285.4180348846378
285.38914838982424
285.38914838982083
285.38914838982447
-212.87940950734105
-212.52326424888128
285.38914838982373
287.8138585602909
287.5767147025484
285.4180348846341
-213.78826632403974
-212.6714762082468
-214.104607292117
-213.6935756644168
277.07275964830694
271.0255494425646
285.3891483898217
-208.70164813960997
285.3891483898211
286.0982395529039
-207.8693032490651
285.3891483898165
-213.6712800838108
285.38914838982134
-213.4922397453391
286.8713474368653
288.01981415378526
265.9649516430003
271.6977455358117
-213.49223974533626
285.9018758319559
-209.8035105073491
-209.43760083755402
285.38914838981907
276.38485611791265
-209.10796538554106
287.7841597267022
287.57671470254866
285.38914838982043
274.6543428198386
264.4992672105059
-216.43156379364115
286.4193780246579
285.3891483898188
-209.43760083755205
286.6630946725253
287.62754528621474
-246.81290531449073
271.8501472321948
286.56410405661194
285.38914838982095
-226.07921821920482
285.38914838982026
-212.9144489864987
286.19029771099923
285.5719872242285
285.3891483898201
287.15872672146685
286.190297710998
286.46813317130216
285.38914838981856
285.3891483898225
286.670886608444
276.959956208917
-214.18321237606284
-209.43760083755873
285.38914838982043
287.46680861936517
-208.097407140637
286.09550843648304
285.38914838982123
-207.86930324906277
287.25084198738637
285.389148389821
285.3891483898219
285.38914838982356
-212.89314707072782
287.2334744494938
287.5767147025481
285.62905639182407
-209.1583965975633
284.92960460395096
285.9018758319534
272.2474557717611
285.38914838982106
-205.0779994787771
287.7929195914587
285.38914838982026
285.7674814916827
285.7674814916809
285.38914838982083
270.47843497677616
287.512731186647
285.389148389819
-213.78826632403985
286.5874257779915
-219.34156750989015
287.1773073663137
285.6290563918241
287.15872672146463
285.38914838981896
286.190297711001
-213.20545087515544
288.1635069939691
276.88142493308163
286.1902977110023
285.6290563918191
287.7638982546841
285.3891483898193
287.7654970378521
287.6218913480845
285.38914838982043
274.97909948175453
-207.87416258102067
285.38914838982134
286.3421596108239
286.58742577799177
-210.6053858681665
286.58742577799063
-210.6053858681661
285.3891483898195
263.3558271090139
275.9681772950054
286.43872980236324
-216.1361983159087
285.4180348846375
286.46813317129215
285.1231614213023
286.4920022352335
286.34215961082873
287.5699764773443
285.38914838981856
-213.23656949068697
285.38914838982083
286.4681331712951
285.3891483898208
287.1300398732441
285.3891483898192
287.8378936674728
284.97703800776236
-213.82711495999337
286.19029771099423
285.7674814916789
283.9545998757166
285.3891483898196
284.65129252709175
-213.78826632404153
285.38914838981725
285.8163672997928
284.9182332244067
284.2327023652471
-213.23656949068544
274.0256928700223
-210.4493383154233
-213.23656949068697
285.38914838982026
285.81636729979334
274.02068182550727
285.3891483898216
286.18738300667115
285.3891483898235
286.1902977109936
285.3891483898212
-214.59849006120282
285.3891483898229
-214.59849006120496
285.3891483898191
-213.67128008381292
285.3891483898212
276.1533870487655
284.27450211227034
287.4568669016661
283.1263192151905
-213.26815356894937
285.6596192115163
-221.84803716701185
282.2315569679272
255.7490160072481
-213.60798488060098
267.5628878809954
285.64361147279254
285.38914838981884
274.00478738972464
285.38914838981634
285.3891483898217
271.5631833391144
285.3891483898194
273.06115894726656
287.1300398732445
284.6512925270929
285.38914838981896
285.38914838982015
-213.7192291421105
285.4180348846375
285.38914838981964
-221.86188647291527
285.3407782000339
285.3891483898229
286.1902977109999
272.21234844519233
286.1902977109992
-213.20545087515913
273.30822292067717
-213.2365694906863
-213.23656949068456
287.1219930205178
-213.0552244259676
285.3891483898216
-214.10460729211354
285.3891483898225
288.16846050944383
286.1873830066682
286.71121040715957
275.76385709536726
285.62905639182253
285.3891483898162
-211.86993967003156
-210.71256181787862
287.3970590343648
-213.57642847649322
285.38914838981924
287.13003987324373
-227.0571924420854
285.38914838982043
275.8888580241588
273.1751550851124
285.389148389822
286.5874257779904
-212.92240827815306
271.89048057274624
286.8955477386642
-203.519228851371
287.42531714869034
285.38914838982316
285.3891483898188
274.49234159693225
285.38914838982186
285.38914838981873
287.1742187629467
-212.67147620825614
273.3893105214206
273.38931052143676
286.43872980235716
286.90319573263633
-213.33685006020082
-206.5212055984508
-235.41572572946166
287.4469009032898
274.3699106752866
287.7881097995447
270.6508289355003
287.7638982546782
-214.1115894229194
286.09074175557
286.0907417555688
286.59770812864184
-214.18321237608265
-213.2054508751607
273.3893105214081
270.9710774947806
-213.20545087515782
-213.98188005696542
287.7929195914544
285.4180348846367
-209.8035105073568
274.65735231484734
286.97961838629146
285.3891483898229
-208.0974071406365
285.6596192115207
-208.09740714063727
-213.6935756644333
285.38914838982066
-213.34658281970798
285.94787667131914
285.9478766713155
286.5874257779874
285.53680417011685
248.62699676690963
-213.23656949068953
286.19029771099486
286.1902977109923
286.4387298023612
287.12792906649975
276.38031844347006
-233.9240990521575
286.707121915038
262.85205852831655
287.74169266028923
287.38055361287735
263.44916974627745
-215.53396116914323
287.67650922270667
286.9031957326355
275.9112719509171
275.7415942991545
273.38931052142993
287.45875841196295
286.90319573263525
286.9031957326372
285.38914838982095
286.58742577798864
286.19029771099565
259.2368121872
286.90319573263815
285.3712673979365
-225.26265056025346
-213.05522442596987
286.88360329734576
286.19029771100156
287.1772194990937
287.22958798535456
275.11383579239583
