-201.8654279717113
-203.65102830560764
-207.84690426443146
-201.8653291175627
-203.57260039014943
-214.96390112373223
-214.595071951079
-201.8653291175628
-207.71693372365604
-205.1077510497429
-206.2874416268546
-203.5726003901497
-203.5192288513691
-216.18020564287735
-218.2356748708924
-206.42622261338155
284.41254351910345
287.20049719122323
-207.70275539733314
-208.680534067508
-203.56730081702258
285.5474289283264
-203.51922885136918
-213.43699941682442
-201.8653291175626
-201.86532911756257
-201.86532911756237
-214.29499902702614
-201.86532911756294
-217.67966200074358
-210.86720510625562
-213.84824061789965
-206.28744162685433
-201.86532911756265
-207.70369683306262
-209.64553311397177
-201.86532911756277
-201.8653291175628
-201.86532911756237
-203.5726003901496
-210.7862288918093
-213.63193540940603
-213.54006682260686
-213.96404734382244
-203.57260039014974
-208.85518522379203
-210.0128839727462
-203.57260039015
-208.82987877205917
-206.42622261338283
-215.76304145743964
-201.86532911756265
-213.6246390554901
-201.8653291175626
-212.00527832677153
-201.8653291175626
-201.86532911756274
-201.86532911756254
-203.57260039014972
-201.8653291175626
-203.51922885136923
-203.51922885136923
-214.36208474996397
-201.86532911756277
-205.13009577196854
-203.51922885136904
-210.47852236339588
-203.51922885136923
-212.3710582578401
-203.5192288513693
-201.8653291175628
-213.39759543041467
-208.79732632500642
-206.34250937641139
-201.8653291175625
-201.8653291175624
-201.8653291175628
-201.8653291175625
-201.8653291175624
-201.86532911756277
-203.51922885136912
-201.86532911756248
-201.86532911756285
-206.4262226133823
-208.82987877205954
-201.86532911756214
-201.86532911756203
-201.86532911756248
-201.8653291175623
-201.86532911756228
-203.57260039014957
-203.5726003901493
-201.86532911756234
-201.8653291175626
-209.75412627233112
-201.86532911756242
-201.86532911756242
-201.86532911756248
-201.86532911756242
-206.42622261338218
-226.80644061907452
-203.5726003901497
-201.86532911756242
-201.8653291175623
-203.57260039014955
-201.86532911756277
-201.86532911756262
-201.86532911756282
-203.57260039014972
-203.57260039014957
-208.81528014551668
-201.86532911756262
-201.86532911756242
-211.3490648561715
-205.12074992102356
-201.86532911756245
-201.86532911756217
-205.1077510497434
-201.86532911756262
-210.14266835395222
-201.86532911756265
-201.8653291175624
-210.47852236339713
-203.57260039014943
-203.57260039014943
-201.86532911756265
-201.8653291175628
-201.8653291175627
-210.74640209826092
-201.86532911756265
-208.86666688517155
-201.86532911756248
-201.86532911756228
-201.8653291175624
-201.86532911756242
-201.86532911756265
-206.34250937641113
-201.86532911756254
-201.86532911756262
-203.51922885136943
-210.65614648243368
-201.86532911756245
-201.8653291175623
-201.8653291175624
-201.86532911756223
-201.86532911756237
-201.86532911756265
-206.34250937641002
-201.86532911756262
-201.86532911756262
-201.8653291175627
-212.74156900088607
-201.86532911756254
-201.86532911756214
-201.86532911756228
-207.62102971325265
-209.60455316460303
-201.86532911756274
-201.8653291175623
-206.42622261338178
-201.86532911756228
-201.8653291175626
-201.86532911756242
-203.57260039014963
-201.8653291175624
-201.8653291175624
-201.86532911756245
-203.51922885136938
-201.8653291175624
-201.86532911756254
-201.86532911756228
-207.78113126697244
-201.8653291175623
-201.86532911756234
-207.62102971325308
-201.86532911756265
-201.8653291175625
-201.86532911756262
-201.86532911756237
-203.5192288513692
-206.42622261338272
-201.86532911756248
-201.86532911756254
-201.86532911756242
-201.86532911756242
-201.8653291175626
-201.86532911756234
-201.8653291175623
-201.86532911756223
-201.86532911756242
-201.86532911756234
-201.86532911756248
-201.86532911756223
-201.86532911756228
-201.86532911756214
-203.5192288513698
-201.86532911756268
-201.86532911756214
-201.8653291175622
-201.86532911756248
-201.86532911756248
-201.86532911756225
-201.8653291175624
-206.3425093764108
-201.86532911756242
-203.57260039014986
-201.86532911756268
-201.86532911756242
-201.86532911756217
-201.86532911756248
-201.86532911756228
-203.65102830560784
-201.86532911756225
-201.86532911756217
-201.86532911756254
-201.86532911756245
-201.86532911756248
-201.86532911756254
-201.86532911756248
-201.8653291175624
-201.8653291175623
-201.86532911756237
-201.8653291175624
-201.8653291175625
-201.86532911756262
-203.57260039014972
-201.8653291175625
-201.8653291175624
-201.8653291175623
-201.86532911756234
-201.86532911756234
-201.8653291175626
-201.86532911756257
-201.8653291175622
-201.8653291175623
-201.8653291175625
-201.86532911756228
-203.57260039014952
-206.3425093764105
-201.86532911756245
-201.86532911756265
-201.86532911756248
-201.86532911756245
-201.86532911756248
-201.86532911756262
-201.86532911756248
-201.8653291175625
-203.51922885136904
-201.86532911756217
-201.86532911756237
-201.86532911756262
-201.8653291175623
-201.8653291175625
-207.70369683306185
-201.86532911756242
-201.86532911756217
-201.86532911756254
-201.8653291175624
-201.86532911756225
-201.86532911756234
-203.57260039014957
-201.8653291175626
-201.86532911756245
-201.86532911756225
-201.8653291175627
-201.86532911756254
-201.8653291175625
-201.86532911756242
-201.86532911756242
-201.86532911756225
-201.8653291175624
-201.86532911756245
-201.86532911756242
-201.86532911756262
-201.86532911756268
-201.8653291175626
-201.86532911756248
-201.86532911756248
-201.86532911756254
-201.86532911756245
-201.86532911756265
-201.8653291175626
-201.8653291175624
-201.86532911756237
-201.86532911756262
-201.86532911756248
-201.8653291175625
-201.8653291175626
-201.86532911756254
-201.86532911756248
-201.8653291175625
-201.86532911756234
-201.86532911756237
-201.86532911756268
-203.51922885136923
-201.8653291175626
-201.86532911756223
-201.86532911756257
-201.86532911756248
-201.86532911756248
-201.8653291175622
-201.8653291175623
-201.8653291175624
-201.8653291175623
-201.8653291175624
-201.86532911756225
-201.86532911756242
-201.86532911756214
-201.86532911756228
-201.86532911756217
-203.51922885136926
-201.86532911756257
-203.57260039014935
-201.86532911756225
-201.86532911756254
-201.8653291175622
-201.8653291175622
-201.86532911756234
-201.86532911756237
-201.8653291175624
-201.8653291175624
-201.8653291175625
-201.86532911756237
-201.86532911756214
-201.86532911756197
-201.86532911756228
-201.86532911756217
-201.86532911756262
-201.86532911756217
-201.8653291175627
-201.86532911756254
-201.86532911756223
-201.86532911756254
-201.8653291175625
-201.86532911756248
-201.8653291175628
-206.42622261338212
-201.86532911756217
-201.86532911756262
-203.51922885136966
-201.86532911756242
-201.86532911756237
-201.86532911756248
-201.86532911756234
-201.86532911756225
-206.34250937641167
-201.86532911756228
-201.8653291175621
-201.86532911756245
-201.8653291175626
-203.51922885136986
-201.8653291175623
-201.86532911756225
-201.8653291175624
-201.86532911756237
-201.86532911756217
-201.86532911756265
-201.86532911756242
-201.86532911756254
-201.86532911756242
-201.86532911756234
-201.86532911756254
-206.34250937641107
-203.57260039014963
-201.86532911756257
-201.8653291175627
-201.86532911756245
-201.8653291175626
-201.86532911756245
-201.86532911756245
-201.86532911756248
-203.5726003901498
-201.86532911756223
-201.8653291175626
-201.86532911756257
-201.8653291175624
-201.86532911756228
-203.5192288513696
-206.4262226133838
-206.42622261338354
-201.86532911756245
-201.8653291175625
-201.86532911756254
-201.86532911756237
-201.8653291175623
-201.86532911756214
-201.86532911756248
-201.86532911756268
-201.86532911756265
-201.86532911756248
-201.8653291175624
-206.34250937641139
-201.86532911756248
-201.8653291175624
-201.86532911756242
-201.8653291175623
-201.86532911756257
-201.86532911756223
-201.86532911756245
-201.86532911756257
-201.86532911756282
-201.8653291175624
-201.8653291175623
-201.86532911756268
-201.86532911756242
-201.86532911756265
-201.86532911756237
-201.86532911756268
-201.86532911756262
-201.8653291175625
-201.8653291175624
-201.86532911756245
-201.8653291175626
-201.86532911756225
-201.8653291175626
-201.86532911756248
-201.86532911756265
-201.86532911756245
-203.51922885136943
-201.86532911756277
-201.8653291175625
-201.86532911756223
-201.86532911756257
-201.8653291175623
-201.8653291175624
-203.51922885136986
-201.86532911756223
-201.86532911756242
-201.8653291175622
-206.34250937641187
-201.86532911756262
-201.8653291175627
-201.86532911756234
-201.86532911756248
-201.86532911756257
-201.8653291175623
-201.86532911756225
-201.86532911756225
-201.8653291175625
-201.8653291175629
-201.86532911756262
-201.86532911756242
-201.86532911756285
-201.86532911756274
-201.8653291175627
-201.86532911756234
-201.86532911756228
-201.86532911756254
-201.86532911756294
-201.86532911756245
-201.86532911756265
-201.86532911756262
-201.86532911756248
-201.86532911756194
-201.8653291175627
-201.86532911756265
-201.86532911756262
-201.86532911756294
-201.86532911756265
-201.8653291175624
-201.86532911756254
-201.86532911756237
-201.8653291175624
-201.86532911756248
-201.86532911756254
-201.86532911756268
-201.86532911756254
-201.86532911756254
-201.86532911756242
-201.86532911756245
-201.86532911756248
-201.8653291175626
-201.86532911756242
-206.42622261338244
-201.86532911756248
-201.86532911756223
-206.34250937641153
-201.86532911756237
-201.86532911756268
-201.8653291175624
-201.86532911756257
-201.86532911756254
-201.86532911756237
-201.8653291175627
-201.86532911756274
-201.86532911756245
-201.86532911756248
-207.71693372365672
-201.86532911756265
-201.86532911756254
-201.86532911756254
-201.86532911756225
-201.86532911756254
-201.86532911756248
-201.86532911756245
-201.8653291175623
-201.86532911756257
-201.86532911756245
-201.8653291175624
-201.86532911756237
-201.86532911756242
-201.86532911756245
-201.8653291175626
-203.57260039014972
-201.86532911756234
-201.86532911756234
-201.86532911756234
-201.8653291175625
-201.86532911756225
-201.86532911756245
-201.86532911756237
-201.8653291175623
-201.8653291175622
-201.86532911756214
-201.86532911756228
-201.86532911756237
-206.42622261338363
-201.86532911756234
-201.86532911756234
-201.86532911756254
-201.86532911756228
-201.86532911756223
-201.86532911756237
-201.86532911756245
-201.86532911756214
-201.86532911756234
-201.86532911756225
-201.8653291175622
-201.86532911756225
-206.42622261338173
-201.86532911756234
-201.8653291175624
-201.86532911756242
-201.8653291175622
-209.64553311397296
-201.8653291175625
-201.86532911756248
-201.86532911756223
-201.86532911756223
-201.86532911756228
-201.86532911756254
-201.86532911756237
-201.86532911756225
-201.86532911756228
-201.8653291175623
-201.86532911756248
-201.86532911756214
-201.86532911756214
-201.8653291175623
-201.8653291175623
-201.86532911756214
-206.4262226133829
-201.86532911756237
-201.86532911756237
-201.86532911756242
-203.51922885136972
-203.51922885137023
-201.8653291175624
-201.8653291175621
-201.86532911756206
-201.86532911756206
-201.86532911756217
-201.86532911756242
-201.8653291175621
-201.865329117562
-201.8653291175623
-201.86532911756223
-201.8653291175624
-201.86532911756234
-201.8653291175623
-201.8653291175623
-201.86532911756208
-201.86532911756208
-201.86532911756242
-201.86532911756225
-201.8653291175623
-201.86532911756214
-201.86532911756228
-201.86532911756237
-201.86532911756214
-201.86532911756242
-201.8653291175624
-201.86532911756214
-201.86532911756206
-201.86532911756194
-201.86532911756223
-201.86532911756208
-201.8653291175623
-203.572600390149
-201.86532911756183
-201.8653291175621
-201.86532911756214
-201.86532911756206
-201.86532911756245
-201.86532911756228
-201.8653291175621
-201.86532911756214
-201.86532911756194
-201.86532911756197
-206.4262226133842
-206.34250937641113
-206.42622261338192
-201.865329117562
-201.8653291175623
-201.86532911756237
-201.86532911756223
-201.86532911756234
-201.86532911756188
-203.5192288513702
-201.865329117562
-201.8653291175621
-201.86532911756194
-201.865329117562
-206.42622261338374
-201.86532911756206
-201.86532911756194
-201.86532911756206
-201.8653291175619
-201.86532911756194
-206.34250937641139
-201.8653291175622
-201.86532911756248
-201.8653291175623
-201.86532911756228
-201.8653291175624
-201.86532911756208
-201.8653291175622
-201.86532911756234
-201.86532911756225
-201.8653291175622
-201.8653291175621
-201.8653291175621
-201.8653291175623
-201.86532911756225
-201.8653291175621
-201.86532911756234
-201.86532911756206
-201.8653291175621
-203.5726003901492
-201.86532911756223
-206.42622261338363
