-201.8654279717113
-201.86532911756237
-203.51922885136926
-203.65102830560872
-201.86532911756254
-203.56730081702287
-211.07262111691077
-203.57260039015011
-203.6510283056093
-212.7709264242425
-212.71300271996748
-212.7432943557992
-201.86532911756254
-206.70140452926864
-205.0779994787683
-201.8653291175625
-205.23918870335706
-203.56730081702275
-203.65102830560815
-217.60890083083655
-206.28744162685348
-213.0728204826068
-222.11800067655005
-201.86532911756248
-213.9478159422292
-203.59493235895258
-207.67943643085684
-203.56730081702227
-205.12074992102316
-203.65102830560866
-208.8324043553787
-205.12074992102242
-206.54732203795785
-203.56730081702239
-203.65102830560843
-203.6510283056081
-205.107751049743
-206.3942103906949
-203.6510283056085
-208.86357158255754
-207.94063852950234
-201.86532911756257
-203.5673008170231
-205.23918870335675
-206.42640054801421
-203.65102830560852
-206.52120559843462
-205.1077510497428
-205.07799947876933
-203.6510283056092
-203.56730081702298
-203.65102830560804
-211.0734331978833
-220.88333631060902
-203.65102830560915
-205.23918870335856
-205.23918870335748
-203.59493235895212
-205.0048817371535
-203.65102830560977
-203.65102830560906
-205.10775104974283
-210.76622885374286
-201.86532911756277
-206.426400548015
-207.87416258100146
-203.65102830560826
-201.8653291175624
-203.6510283056076
-205.10775104974266
-203.65102830560795
-203.594932358953
-205.12074992102364
-203.6510283056078
-214.386228804377
-203.65102830560838
-203.6510283056074
-203.6510283056085
-203.65102830560912
-203.65102830560824
-206.5572983973296
-205.19795033001557
-203.59493235895218
-206.42640054801558
-207.68471837295158
-206.28744162685513
-203.594932358953
-205.10775104974246
-203.65102830560875
-201.86532911756228
-205.10775104974292
-203.65102830560824
-203.65102830560983
-203.65102830560946
-203.65102830560937
-203.65102830560835
-203.65102830560934
-203.6510283056082
-203.65102830560875
-203.651028305609
-206.5450038300539
-203.5673008170229
-203.65102830560895
-203.65102830560934
-203.59493235895238
-205.1077510497437
-203.56730081702287
-203.65102830560843
-203.65102830560826
-203.65102830560872
-203.65102830560784
-205.00488173715468
-203.65102830560886
-203.59493235895275
-203.56730081702304
-206.38759594976742
-203.6510283056088
-203.65102830560832
-203.65102830560892
-203.65102830560923
-203.65102830560892
-205.0048817371543
-203.65102830560843
-205.2391887033576
-203.65102830560912
-203.65102830560977
-208.65504107021766
-203.56730081702273
-203.5673008170224
-203.65102830560818
-203.65102830560835
-203.65102830560733
-203.6510283056096
-205.10775104974266
-203.65102830560832
-203.65102830560832
-203.65102830560778
-206.7014045292687
-203.65102830560846
-205.00488173715462
-203.65102830560843
-203.65102830560807
-205.1077510497427
-203.65102830560855
-203.65102830560824
-203.5949323589528
-203.59493235895272
-203.65102830560883
-203.65102830560855
-203.56730081702253
-205.10775104974434
-203.65102830560863
-205.00488173715445
-203.65102830560875
-203.59493235895255
-206.70140452926827
-203.65102830560946
-203.65102830560852
-205.0048817371548
-203.6510283056091
-203.65102830560915
-203.65102830560892
-205.23918870335754
-203.5673008170228
-203.6510283056081
-203.65102830560886
-205.00488173715434
-203.56730081702258
-203.56730081702275
-205.23918870335714
-205.23918870335692
-203.5949323589525
-203.65102830560872
-203.6510283056079
-205.10775104974397
-203.6510283056084
-203.6510283056079
-203.65102830560966
-203.6510283056084
-203.6510283056083
-203.65102830560966
-203.6510283056089
-203.59493235895226
-203.65102830560807
-205.2391887033565
-203.65102830560886
-203.65102830560807
-203.6510283056086
-203.5949323589533
-203.6510283056095
-203.6510283056089
-203.65102830560812
-203.65102830560895
-203.65102830560897
-203.5673008170229
-203.56730081702256
-203.65102830560912
-203.6510283056089
-203.5949323589526
-203.65102830560912
-203.65102830560838
-203.65102830560858
-203.65102830560826
-203.65102830560923
-203.65102830560826
-203.65102830560812
-203.65102830560775
-203.65102830560855
-203.56730081702324
-203.65102830560804
-203.65102830560824
-205.00488173715576
-203.65102830560815
-206.70140452926864
-203.65102830560795
-205.10775104974377
-203.65102830560738
-203.65102830560795
-205.10775104974297
-203.65102830560727
-203.6510283056085
-203.65102830560787
-203.65102830560744
-205.0048817371557
-205.1077510497446
-203.65102830560846
-203.65102830560753
-205.23918870335757
-203.6510283056083
-203.65102830560846
-203.65102830560804
-203.6510283056082
-203.65102830560832
-203.6510283056088
-203.65102830560758
-203.65102830560792
-203.57260039014923
-205.23918870335606
-203.6510283056085
-203.65102830560792
-205.2391887033571
-203.65102830560767
-203.65102830560926
-203.65102830560707
-203.65102830560744
-203.6510283056072
-203.65102830560807
-203.65102830560895
-203.651028305609
-203.6510283056083
-203.6510283056089
-203.6510283056081
-203.65102830560775
-203.65102830560915
-203.651028305608
-203.65102830560866
-203.65102830560764
-203.65102830560835
-203.65102830560878
-203.65102830560838
-203.6510283056077
-203.65102830560824
-203.65102830560767
-203.65102830560974
-203.56730081702244
-203.6510283056076
-203.65102830560843
-203.65102830560832
-203.65102830560832
-203.65102830560886
-203.65102830560863
-203.65102830560838
-203.65102830560917
-203.65102830560906
-203.65102830560875
-203.6510283056082
-203.65102830560892
-203.6510283056078
-203.6510283056083
-203.65102830560826
-203.6510283056088
-203.6510283056089
-203.65102830560826
-203.6510283056083
-203.65102830560843
-203.6510283056093
-203.65102830560835
-203.65102830560906
-203.65102830560824
-203.65102830560807
-203.651028305608
-203.65102830560753
-203.6510283056087
-203.6510283056097
-203.65102830560755
-203.59493235895295
-203.65102830560818
-203.65102830560795
-203.65102830560886
-203.65102830560835
-203.65102830560855
-203.65102830560903
-203.6510283056094
-203.65102830560846
-203.65102830560875
-203.65102830560826
-203.65102830560852
-203.65102830560818
-203.6510283056088
-203.65102830560846
-203.65102830560772
-203.5949323589534
-203.6510283056096
-203.65102830560832
-203.65102830560863
-203.65102830560917
-203.65102830560915
-203.65102830560912
-203.65102830560895
-203.65102830560832
-205.23918870335805
-203.6510283056091
-203.65102830560957
-203.65102830560895
-205.23918870335746
-203.6510283056085
-203.65102830560872
-203.65102830560863
-203.6510283056081
-203.65102830560826
-203.65102830560969
-203.65102830560866
-203.5673008170229
-203.6510283056088
-203.65102830560915
-203.65102830560815
-203.6510283056086
-206.39421039069683
-203.65102830560804
-203.6510283056089
-203.6510283056093
-203.65102830560897
-203.59493235895368
-203.65102830560852
-203.651028305609
-203.56730081702298
-203.651028305609
-203.65102830560943
-203.65102830560934
-203.65102830560951
-203.6510283056091
-203.65102830560926
-205.107751049744
-203.65102830560954
-203.65102830560932
-203.65102830560835
-203.65102830560804
-203.65102830560892
-203.65102830560915
-203.65102830560892
-203.65102830560883
-203.65102830560906
-203.6510283056085
-203.65102830560926
-203.65102830560969
-203.65102830560838
-203.6510283056082
-203.65102830560892
-203.65102830560906
-203.6510283056086
-205.00488173715505
-203.65102830560937
-203.65102830560824
-203.65102830560895
-203.65102830560852
-203.6510283056084
-203.65102830560807
-206.54500383005512
-203.65102830560866
-205.2391887033577
-203.6510283056092
-203.5949323589536
-203.65102830560824
-203.65102830560957
-203.65102830560917
-203.65102830560872
-203.65102830560832
-203.65102830560858
-203.56730081702213
-203.65102830560912
-203.65102830560883
-203.6510283056098
-203.5949323589537
-203.651028305609
-203.65102830560943
-203.65102830560923
-203.65102830560895
-203.6510283056083
-203.65102830560951
-205.23918870335842
-203.65102830560866
-203.65102830560963
-203.65102830560926
-203.56730081702264
-203.6510283056088
-203.59493235895397
-203.59493235895332
-203.6510283056089
-203.65102830560858
-203.65102830560735
-203.6510283056081
-203.65102830560943
-203.6510283056088
-205.10775104974388
-203.65102830560892
-203.6510283056078
-203.5949323589535
-203.65102830560843
-203.65102830560892
-203.65102830560895
-205.10775104974454
-203.65102830560872
-203.6510283056092
-205.23918870335822
-203.6510283056094
-203.65102830560866
-205.07799947877155
-203.65102830560863
-203.65102830561048
-203.59493235895337
-203.65102830560866
-203.65102830560934
-203.56730081702236
-203.6510283056091
-203.65102830560966
-203.65102830560937
-203.6510283056092
-203.56730081702307
-203.65102830560878
-205.23918870335854
-203.6510283056095
-203.65102830560988
-205.23918870335996
-203.65102830560977
-203.6510283056105
-203.6510283056098
-206.38624845863058
-203.65102830560886
-203.65102830560969
-203.65102830560897
-203.59493235895349
-203.65102830560932
-203.65102830560892
-203.59493235895408
-203.65102830560923
-203.65102830560977
-203.65102830560883
-205.00488173715493
-203.5949323589536
-203.56730081702275
-203.65102830560943
-210.7591439388585
-205.10775104974482
-203.6510283056095
-205.10775104974476
-203.65102830560858
-203.65102830560903
-203.56730081702318
-203.65102830560886
-203.65102830561008
-203.65102830560835
-203.65102830560906
-203.59493235895403
-203.6510283056093
-203.6510283056093
-203.65102830560943
-203.65102830560994
-203.59493235895346
-203.6510283056085
-203.65102830561068
-203.6510283056094
-203.65102830560915
-205.0048817371559
-203.65102830560954
-207.53586130623125
-203.65102830561
-203.6510283056104
-203.6510283056096
-203.65102830560946
-203.65102830560878
-203.65102830560872
-203.6510283056095
-203.65102830560878
-203.6510283056095
-203.65102830560969
-203.65102830560932
-203.65102830560943
-203.65102830560875
-203.65102830560923
-203.65102830560923
-203.6510283056096
-203.65102830560934
-203.65102830560937
-206.39421039069933
-205.0048817371555
-203.65102830560815
-205.2391887033582
-203.65102830560892
-203.65102830560915
-203.65102830560886
-205.10775104974508
-203.65102830560883
-203.65102830560915
-203.65102830560946
-203.6510283056094
-203.65102830561014
-205.00488173715587
-203.65102830560897
-203.6510283056092
-203.65102830561
-203.6510283056095
-203.65102830560946
-203.65102830560872
-203.65102830560915
-205.0779994787721
-203.65102830560951
-203.65102830560934
-203.65102830561057
-203.5673008170229
-203.65102830560954
-203.65102830560951
-203.6510283056093
-203.65102830560932
-201.8653291175622
-203.65102830560926
-203.6510283056103
-205.2391887033598
-203.6510283056096
-203.65102830560932
-203.6510283056091
-203.6510283056091
-203.59493235895354
-203.65102830560852
-203.6510283056097
-203.65102830560994
-203.65102830560986
-203.65102830560994
-203.65102830561125
-203.65102830561025
-203.6510283056096
-203.65102830561017
-203.6510283056102
-203.65102830560917
-203.6510283056093
-203.65102830561
-203.65102830560997
-203.65102830560997
-203.65102830560926
-205.0048817371553
-203.6510283056103
-203.65102830560897
-203.56730081702287
-203.65102830560983
-205.23918870335885
-203.65102830561005
-203.6510283056091
-203.65102830560954
-203.6510283056097
-203.65102830561
-203.65102830560977
-203.65102830560951
-203.56730081702233
-203.65102830560957
-203.65102830560934
-203.65102830561028
-203.5673008170229
-203.65102830560974
-205.10775104974525
-205.10775104974599
-203.65102830561003
-203.65102830561042
-203.65102830560954
-203.65102830561054
-203.59493235895374
-203.6510283056095
-205.23918870335874
-203.65102830560963
-206.55729839733533
-203.65102830561028
-203.65102830560937
-203.6510283056092
-203.65102830561028
-203.6510283056102
-205.10775104974599
-203.65102830561023
-203.6510283056095
-203.6510283056102
-203.65102830561034
-203.65102830560954
-207.9705336009485
-203.65102830560951
-203.65102830560917
-203.65102830560957
-203.6510283056096
-203.6510283056094
-203.65102830561048
-203.6510283056096
-203.65102830560966
-203.65102830560883
-203.65102830560943
-205.0048817371561
-203.65102830560897
-203.65102830560957
-203.65102830560997
-203.65102830560926
-203.65102830560895
-205.00488173715607
-203.6510283056097
-203.6510283056096
-203.6510283056098
-203.65102830560951
-203.6510283056095
-205.0048817371569
-203.65102830560883
-203.6510283056096
-203.65102830560969
-203.65102830560957
-205.23918870335862
-203.65102830560937
-203.65102830560966
-203.65102830561008
-203.65102830560977
-203.6510283056097
-203.65102830560977
-203.65102830561005
-203.65102830561014
-203.65102830560906
-203.6510283056095
-203.65102830561014
-203.59493235895414
-203.5949323589541
-203.65102830560997
-203.65102830560883
-203.65102830560798
-203.65102830560906
-203.65102830560897
-203.65102830561017
-203.65102830560969
-203.65102830560963
-203.65102830560906
-203.65102830560963
-203.65102830560951
-203.6510283056096
-203.65102830560969
-203.65102830560963
-203.6510283056093
-203.65102830561028
-203.65102830560969
-203.56730081702284
-203.65102830560994
-203.65102830560946
-203.6510283056099
-203.65102830560943
-203.65102830561042
-203.65102830560951
-205.10775104974567
-203.6510283056095
-203.6510283056102
-203.65102830560977
-203.65102830560863
-203.65102830560926
-203.6510283056089
-203.65102830560875
-203.65102830560963
-203.65102830560878
-203.65102830560934
-203.65102830560934
-203.65102830560917
-203.65102830560934
-203.65102830560957
-203.65102830561
-203.6510283056096
-203.65102830560915
-203.65102830560815
-203.65102830561
-203.6510283056086
-203.65102830561014
-203.65102830560943
-203.6510283056091
-203.65102830561
-203.65102830561003
-203.65102830560977
-203.65102830561008
-203.65102830560923
-203.6510283056097
-203.65102830560943
-203.65102830560983
-203.59493235895408
-203.65102830560966
-203.65102830560937
-203.6510283056103
-203.6510283056103
-203.65102830561
-203.65102830561074
-203.65102830561008
-205.10775104974647
-203.65102830560937
-203.65102830561025
-203.65102830561065
-203.6510283056111
-205.23918870335882
-203.6510283056098
-203.6510283056098
-203.65102830560923
-203.65102830561025
-203.6510283056096
-203.6510283056097
-203.65102830560906
-203.6510283056092
-203.65102830560926
-203.65102830560977
-203.56730081702287
-203.65102830560895
-203.65102830560912
-203.65102830560912
-203.56730081702315
-203.65102830561017
-203.65102830560863
-203.6510283056101
-205.10775104974638
-203.6510283056099
-203.65102830560946
-203.65102830560906
-203.65102830560897
-203.65102830561003
-203.65102830560969
-203.6510283056102
-203.65102830560977
-203.65102830561037
-203.65102830560903
-203.6510283056095
-203.65102830561008
-203.65102830560897
-203.65102830560926
-205.10775104974599
-203.65102830561005
-203.65102830560986
-203.65102830560937
-203.65102830560926
-203.65102830560895
-203.6510283056096
-203.6510283056088
-203.65102830560812
-203.65102830560895
-203.65102830560951
-203.6510283056088
-203.65102830560934
-203.65102830560843
-203.59493235895445
-203.5949323589545
-203.65102830560934
-206.54500383005643
-203.6510283056102
-205.00488173715704
-203.65102830561023
-203.65102830560937
-203.6510283056091
-203.65102830561005
-203.65102830560892
-203.5949323589546
-203.6510283056091
-203.6510283056089
-203.65102830560969
-203.65102830561005
-203.65102830560966
-203.56730081702307
-203.65102830560969
-203.65102830560966
-203.65102830560963
-203.65102830560946
-205.00488173715684
-203.65102830560937
-203.6510283056091
-203.65102830560937
-203.65102830560915
-203.65102830561077
-203.65102830560895
-203.65102830561008
-203.6510283056098
-203.65102830561
-203.65102830561048
-203.65102830560897
-203.6510283056093
-203.6510283056092
-203.65102830560986
-203.65102830561037
-203.65102830561
-203.65102830561025
-203.65102830560988
-203.65102830560966
-203.65102830560974
-203.65102830560951
-203.65102830560937
-203.65102830560966
-203.6510283056097
-203.5949323589549
-203.65102830561048
-203.56730081702298
-203.65102830560872
-203.65102830560912
-203.65102830560963
-203.65102830561023
-203.6510283056094
-203.59493235895485
-203.65102830560994
-203.6510283056104
-203.65102830560946
-203.6510283056094
-203.65102830560963
-203.65102830560923
-203.65102830560917
-205.10775104974655
-203.65102830560951
-203.65102830560906
-203.6510283056095
-203.65102830560983
-203.65102830560943
-203.65102830560954
-203.6510283056091
-203.56730081702233
-203.65102830560855
-203.59493235895476
-203.56730081702327
-203.65102830560934
-203.65102830560951
-203.65102830560951
-203.65102830560932
-203.65102830560932
-203.65102830560974
-203.65102830560986
-203.6510283056087
-203.65102830560977
-203.6510283056094
-203.65102830560983
-203.65102830560994
-203.6510283056093
-203.65102830560946
-208.65504107022647
-203.65102830560872
-205.12074992102436
-203.65102830560897
-203.65102830561088
-203.65102830560912
-203.65102830561014
-203.65102830560912
-203.65102830561014
-203.6510283056102
-207.9705336009498
-203.65102830560934
-203.65102830561003
-203.65102830560895
-203.65102830561057
-203.6510283056104
-203.65102830560986
-203.65102830560946
-205.10775104974684
-203.65102830561008
-203.6510283056093
-203.65102830560917
-203.65102830560986
-203.65102830560966
-203.6510283056104
-203.65102830560966
-203.65102830560812
-203.65102830561028
-205.1077510497468
-203.6510283056104
-203.65102830561057
-203.6510283056099
-203.65102830560997
-203.65102830560988
-203.65102830561003
-203.6510283056099
-203.65102830560954
-203.65102830561034
-203.65102830561017
-205.23918870336038
-203.65102830560954
-203.65102830560966
-203.65102830560951
-203.65102830560963
-203.65102830560974
-203.65102830561014
-203.65102830561045
-203.65102830560923
-203.6510283056092
-203.65102830560897
-203.65102830560963
-203.59493235895482
-203.6510283056093
-206.42640054801814
-203.65102830561017
-203.56730081702224
-203.65102830560937
-203.65102830560957
-203.6510283056089
-203.65102830561028
-203.59493235895513
-205.00488173715763
-203.65102830560866
-203.65102830560923
-203.65102830560934
-203.65102830560892
-203.59493235895508
-205.23918870335964
-203.6510283056093
-203.65102830560863
-203.65102830560937
-203.6510283056097
-203.65102830560988
-203.6510283056104
-203.65102830560886
-203.65102830560892
-203.65102830560878
-203.6510283056101
-203.65102830561023
-203.65102830560895
-203.65102830561025
-203.65102830560912
-203.65102830561014
-203.6510283056092
-203.65102830560917
-203.6510283056101
-203.65102830560997
-203.65102830561057
-203.65102830561005
-203.6510283056104
-203.65102830560986
-203.567300817023
-203.65102830561
-203.65102830560951
-203.65102830560963
-203.65102830560988
-203.65102830561037
-203.65102830560903
-205.12074992102396
-203.65102830560946
-203.65102830560966
-203.65102830560997
-206.55729839733624
-203.65102830561042
-203.6510283056099
-203.59493235895476
-205.23918870335993
-203.65102830560883
-203.65102830560986
-203.59493235895542
-203.65102830560997
-203.6510283056101
-203.6510283056091
-203.65102830560957
-203.6510283056103
-203.65102830560932
-203.6510283056093
-203.65102830561014
-203.65102830561003
-203.65102830561042
-203.6510283056096
-203.65102830561034
-203.65102830560923
-205.23918870336087
-203.65102830560969
-203.65102830560988
-203.65102830561017
-203.65102830560969
-203.65102830560957
-203.65102830560969
-203.6510283056094
-203.65102830561045
-205.0048817371564
-203.65102830561054
-203.65102830560957
-203.65102830560866
-203.6510283056103
-203.65102830561005
-205.00488173715723
-203.65102830560957
-203.6510283056108
-203.65102830561025
-203.65102830560977
-203.6510283056115
-203.6510283056104
-203.59493235895533
-203.65102830561028
-203.6510283056096
-203.6510283056105
-203.65102830561025
-203.65102830561074
-205.2391887033598
-205.00488173715655
-203.65102830561003
-203.65102830560966
-203.6510283056107
-203.651028305611
-203.6510283056101
-203.65102830560963
-203.65102830560969
-203.65102830560946
-203.65102830560946
-203.65102830560917
-203.6510283056087
-203.65102830560997
-203.65102830560957
-203.65102830560951
-203.6510283056094
-203.6510283056097
-203.65102830561028
-203.65102830560886
-203.65102830561014
-203.65102830561034
-203.6510283056097
-203.6510283056093
-203.65102830561054
-203.65102830560986
-203.65102830560977
-203.65102830560957
-203.65102830560926
-205.00488173715735
-203.65102830561025
-203.651028305609
-205.10775104974653
-203.65102830560912
-203.65102830560963
-203.65102830560943
-203.6510283056104
-203.65102830560951
-203.6510283056092
-203.65102830560974
-203.65102830560954
-208.8819898217436
-203.65102830560932
-206.70140452927555
-203.65102830561
-203.65102830560934
-203.65102830561003
-203.6510283056099
-203.6510283056104
-203.6510283056106
-203.65102830560937
-203.65102830560974
-203.65102830561008
-203.59493235895556
-203.6510283056102
-203.6510283056097
-203.65102830560954
-203.65102830560994
-203.6510283056108
-203.65102830561014
-203.65102830560934
-203.6510283056098
-203.6510283056093
-203.65102830561023
-203.5673008170229
-203.6510283056102
-205.10775104974766
-203.59493235895587
-203.6510283056094
-203.65102830560932
-203.65102830560906
-203.6510283056087
-203.65102830560917
-203.65102830560957
-205.1077510497475
-203.6510283056093
-203.65102830560974
-203.65102830560934
-203.6510283056088
-203.6510283056089
-203.59493235895525
-203.65102830560946
-205.1077510497473
-203.65102830560917
-203.65102830560963
-203.65102830560966
-203.65102830561008
-203.65102830560943
-203.65102830561005
-203.65102830560983
-203.65102830560969
-203.65102830560912
-203.6510283056095
-203.65102830560969
-203.65102830560926
-203.65102830561025
-203.65102830560946
-203.6510283056095
-203.651028305609
-203.6510283056095
-203.65102830560838
-203.65102830561042
-203.65102830561023
-203.6510283056096
-203.56730081702253
-203.65102830561105
-203.6510283056092
-203.65102830561116
-203.65102830560915
-203.65102830561
-203.56730081702327
-203.6510283056102
-203.65102830560963
-205.23918870335996
-203.65102830561057
-203.65102830561054
-203.6510283056096
-203.65102830560923
-203.65102830561
-203.65102830560934
-203.65102830561023
-203.6510283056102
-203.6510283056099
-203.65102830561048
-203.6510283056102
-203.65102830560926
-203.6510283056098
-205.23918870336087
-203.6510283056106
-203.65102830560969
-203.65102830561122
-203.65102830561042
-203.65102830560903
-205.1077510497484
-203.59493235895567
-203.651028305609
-203.65102830560966
-203.6510283056097
-203.6510283056096
-203.65102830560969
-203.65102830561042
-203.65102830561008
-203.65102830560963
-203.6510283056099
-203.6510283056101
-203.59493235895562
-203.65102830560943
-203.65102830560934
-203.65102830560963
-205.00488173715732
-203.65102830560883
-203.65102830560937
-205.10775104974792
-203.65102830561028
-203.6510283056105
-203.65102830560926
-203.65102830560957
-203.65102830560977
-203.65102830560946
-203.6510283056094
-203.65102830561105
-203.65102830561065
-203.6510283056096
-203.65102830560994
-203.6510283056107
-203.65102830560994
-203.65102830561003
-203.6510283056099
-203.6510283056104
-203.65102830560974
-203.6510283056099
-203.65102830561
-203.65102830561014
-219.54874042055366
-206.3425093764116
-201.8653291175617
-201.86532911756203
-206.34250937641121
-201.86532911756208
-201.86532911756197
-203.57260039014918
-203.51922885137074
-201.86532911756169
-201.8653291175619
-201.8653291175618
-201.86532911756208
-201.86532911756174
-201.8653291175618
-201.86532911756183
-201.86532911756186
-201.86532911756169
-201.86532911756197
-201.86532911756217
-215.73914531791885
-213.6090875905214
-212.49860345143992
-213.22046860725328
-212.49860345144126
-212.49860345143796
-212.64340072933163
-212.49860345144262
-212.45582860057488
-213.20832665163073
-213.66607178230277
-212.49860345144378
-212.64340072933345
-214.17377661337972
-213.06181872780857
-212.4986034514425
-212.4986034514401
-212.49860345144293
-212.49860345144504
-212.49860345144342
-206.5473220379593
-213.7165161616272
-212.6510544691175
-214.87187506012887
288.1841360173579
-212.49860345144378
-212.4986034514438
-212.49860345144404
-211.92419160537577
-212.49860345144623
-212.49860345144094
-212.4986034514434
288.13659212574566
-213.00772639677848
-212.49860345144523
-212.26541232090807
-212.49860345143696
-212.49860345144447
-212.49860345144157
-212.81646829942778
-212.24094245728276
-212.24094245728566
-213.71651616162364
-211.92419160537517
-212.4986034514472
-212.49860345144504
-212.4986034514436
-211.9241916053741
-212.4986034514433
-214.72549608041723
-212.49860345144535
-212.43423354306543
-212.49860345144342
-212.64481536467247
-212.4986034514456
-212.49860345144452
-212.96549037055883
-212.49860345144916
-212.32145103830317
-213.29387584663343
-212.49860345144157
-212.4986034514468
288.1427648521907
-212.498603451444
-215.41114336085047
-215.1766688930295
-212.26541232090884
287.6139361760913
-213.39893185710753
-212.49860345144592
-212.49860345144907
286.99567332647695
-213.27788708140844
-213.5691548827243
286.99567332648115
-213.27788708140943
288.1841360173582
-213.27788708140653
-212.64481536467272
287.4287449218397
-213.27788708140824
286.9956733264769
-213.0664691222671
-213.48437804685742
-213.35878782416307
-213.99418950783638
-217.8048981391405
-212.39001880923803
-212.26541232090892
-212.6510544691153
-217.6631806210355
-214.75194747506097
-213.9941895078356
-213.16302976693012
288.10514645448114
-213.61461561139856
287.5521970449161
285.0169236667236
-213.27788708140656
-213.1630297669286
-213.16302976692933
-213.27788708140696
-213.27788708141028
-212.643400729333
-213.16302976693032
-213.27788708141014
-213.16302976692864
-213.2778870814089
287.61393617608496
-213.27788708141205
288.105146454478
-201.8653291175617
-213.16302976692765
-212.26541232091114
-213.1630297669275
-212.56143340379595
-212.32728034937577
-213.9376494875321
287.73458767908795
286.6064185823198
-215.9808325652677
287.74169266029065
-205.13009577196664
287.94614019004297
-213.2778870814089
287.71862136599543
-213.0618187278054
-216.58679341111912
-212.9144402091485
287.7345876790902
286.418275624395
-215.98725700869173
-213.16302976692953
-212.89314707073518
287.66492657516443
-213.2778870814076
-212.56143340379887
-205.1300957719671
-214.82772534224884
-212.26541232091049
285.83872801974076
286.60641858231855
286.6064185823184
-213.39893185710895
287.94614019004337
287.94614019004507
-215.1114205998175
-215.11142059981987
-212.56143340379666
287.7698461953283
-212.2654123209165
-212.2654123209163
-212.26541232091608
-212.28560874841884
-214.29049497065654
-212.26541232091492
-215.38073450533574
-212.56143340379512
-212.30684460645614
-215.63676286272667
287.74169266029105
-212.8931470707366
287.33057038900864
-212.59799786348043
-212.37872862511796
-213.16302976692853
-212.26541232091557
287.7468326840898
-214.83480304528945
-216.5867934111233
-212.56143340379916
-212.56143340380112
-212.46039087498804
-212.64340072933024
288.1051464544722
-212.56143340379884
-215.1114205998225
-212.56143340379967
-213.95687791142444
-212.23188561855306
-212.72588532941492
-212.56143340379793
286.49668994945694
-213.96567758623215
288.1841360173524
-213.970926212898
-213.12054612703966
-213.1205461270391
-213.1205461270408
-212.46312445963937
-212.65105446911485
-213.1205461270374
-213.12054612704029
-213.12054612703912
-212.8626820705215
-212.16607643139767
-213.12054612703878
-213.12054612704014
-213.1205461270414
-213.12054612704108
-214.97757049998796
-216.77190414421375
-213.27788708141287
-213.12054612704037
287.24246370593687
-213.27788708140582
-213.2464964681347
-212.59396052619977
-213.90089898489254
-218.2811709113423
-213.18165563412447
287.8948375729867
-213.27788708140594
-213.41196296407537
-216.3925847245024
-216.4428590346782
-215.10870093977462
-215.10870093977434
-216.11056818125167
-214.57778478347103
-214.57778478346873
-213.00071853729324
-214.5777847834738
286.2032085840174
285.49818514596853
284.04149647086774
285.70903020681556
285.2298472312731
-213.99962292409714
287.32840915588685
285.2532036266833
285.25320362668253
285.2555042510392
284.92960460393635
283.5591981266733
283.35427929252694
285.2555042510367
244.8791574906606
285.49818514596996
-213.99962292409776
-214.11549058264518
287.56997647733976
285.4981851459762
-203.5673008170229
287.3470966717936
285.49818514596836
286.6638594563063
285.797241972844
284.3046852237254
-232.95519191798985
286.08571194576723
285.4981851459665
-215.0003468652151
287.21557034518065
284.3046852237268
282.074616483512
285.7972419728412
286.5584245221484
286.2286329090272
285.79724197284054
-213.87623078614277
285.70461688240715
284.93517569750185
283.4066909317485
286.2286329090225
-215.05566121024373
-215.24014840348326
285.7046168824061
-216.3472031090133
285.7046168824036
284.9351756975133
285.1844142115008
-215.54114071961075
285.7046168824039
-225.03643815380627
287.6661550226249
284.72521728458565
285.7963725825321
-215.75238102150598
287.2155703451777
-214.45291157722048
-225.625883603001
287.2171013804317
-217.907134514881
-232.2511342023621
286.43284010278387
-216.8268920229331
287.2171013804353
283.6635234794335
285.7963725825333
273.05378748126606
284.75474774324044
282.28699306013175
281.5253741030864
285.79637258252967
286.2754173398832
284.47817971974365
286.3583730871714
-201.86532911756169
286.35837308717214
-216.97775083919683
-213.10222140014548
286.3767020289192
281.0424720522057
279.04310032540633
283.977887984274
285.7963725825289
284.7252172845892
285.79637258253075
-201.86532911756154
287.21710138043
282.2869930601313
284.57961458009856
285.7963725825267
286.2754173398882
285.0618197517516
285.7963725825291
-213.3068524025907
284.7547477432522
-216.34720310901145
-214.73742368319316
286.8300702255031
285.91158064897826
-232.1511666882838
287.21710138042926
-205.13009577196632
287.7929195914469
285.9115806489857
283.44218157836036
287.43560312691926
286.6638594563097
285.9115806489853
-221.2930919871648
-216.53583143602668
287.21710138042846
-214.3605443392227
286.02547594257015
-216.62406917799242
287.1060156949461
285.49818514596745
284.9351756975113
-215.54114071960873
-215.01032032594168
286.1902977109906
287.0540786737736
285.7046168824022
-215.5411407196114
286.5387108430185
-205.12074992102345
287.32840915587894
-215.54114071961098
286.9527543806014
285.7457592801196
285.147642999861
-215.54114071960865
287.4356031269198
285.60368639616263
-215.54114071960026
286.5387108430158
272.24610804871884
-215.05566121024012
283.72801769739885
-217.31337047753084
285.7046168823965
-216.76181106025666
285.91529774191946
-214.4189805591664
287.8305610986023
286.74466894751123
-212.9430233946615
287.32840915587815
286.16976369316507
283.7280176973926
-213.6491997740889
287.32840915587565
-214.6252067275625
287.3284091558777
287.32840915587224
287.3284091558755
287.32840915587826
287.34709667178714
287.32840915587866
287.3470966717883
287.3284091558767
285.70461688239914
287.3284091558758
286.7152563682602
286.27852406954986
287.3284091558783
287.3271325326872
287.32840915587946
-206.38759594978416
-212.94302339466037
286.53871084301585
287.3284091558769
287.3284091558769
286.1832574858499
286.7152563682571
287.32840915587633
-212.80848064744558
287.328409155875
-212.9430233946682
284.47287271792493
287.3284091558775
-212.94302339466586
287.32840915587406
-213.60247238336848
287.3284091558752
-213.73954535155838
286.4681331712734
287.3284091558779
287.5699764773317
-212.94302339466373
287.6882082993734
-212.94302339466412
286.8099179029012
287.71854105714283
-213.20417294710043
-215.45516660195472
-212.54409464607883
287.21557034517735
-213.20417294709878
286.350729780848
287.15087278610457
286.47583930618157
-212.40338546162053
-213.08590562261588
-213.00280537353615
286.3105446028864
286.3105446028896
287.0583016242072
-213.61156907478633
-214.71187055192988
-214.93647646453508
286.3105446028864
287.39192872036654
-214.45072064563115
286.31054460288533
-215.46428612954537
-215.86388496639285
-237.61239072863236
286.3105446028886
-215.86388496639057
285.69754846829653
-214.23014245661668
286.3105446028876
287.48412060687593
-215.02987386760697
285.58863944097624
-215.16013967133006
-217.45756445711655
286.3105446028877
285.4800642286899
286.809917902903
286.3667813123497
286.6372199946393
-215.8803697489855
286.5398221635432
-212.39314411252656
-216.71835447955905
286.31054460289187
287.138729171448
-213.92629248870875
286.31054460288755
287.0515274580797
-218.56063319995926
-217.2822786282771
-205.1207499210233
-218.87819790778343
284.06313915727407
287.4841206068725
287.4841206068731
-212.91450922078195
286.3105446028867
-213.40620668468594
286.3105446028853
-213.4062066846858
287.69398471745643
287.72290760422396
-213.4062066846875
284.5581096141893
-213.9262924887091
287.756727485248
286.33392545788143
-213.40620668468475
286.31054460288914
-213.4062066846834
286.31054460288505
-213.4062066846806
285.93244393547616
287.75672748524687
287.7567274852472
286.9177809593432
-213.4062066846908
286.67027708264135
285.5757838763398
285.482532819507
286.3909532820363
288.12716979974834
-213.40620668468702
-213.79373984477417
-215.38724016105854
285.840784776973
286.51620019738436
287.3570492136804
286.9167534955961
287.1387291714454
285.0331137986214
287.48412060687184
287.75672748524903
-227.97441259836253
-214.508823847006
285.1748185802648
-216.7618110602707
286.16562083787244
287.9449840857915
287.74995759813737
-218.9547362311749
286.1656208378691
287.0600693496379
288.1435333961245
-215.6446860628746
287.18398990874965
287.2697302139605
287.94498408579125
-214.31052874197246
-203.56730081702304
284.94969672961764
285.8922644248879
-212.88876400521616
286.65966715108897
-214.476156329683
286.69124974454184
-212.2246814643343
-215.31772083145742
-219.13180690287925
-217.87753780432567
287.5263204270028
287.4508423245109
286.339095733419
287.0544579882544
287.4193690187203
287.4723441200923
286.41604450890924
-215.76724264564749
287.77993793186715
288.1606907082856
287.996298658102
-214.56135258853814
287.14713001179126
287.9962986581022
287.99629865810317
287.1033643493404
286.4160445089125
286.41604450891276
286.4813794418757
286.41604450891595
286.4160445089119
286.4160445089111
286.6505361205958
286.41604450890907
287.31047842402825
-201.8653291175611
281.7056457602513
286.4160445089142
286.41604450891424
286.4160445089162
286.7266001171455
-213.16602120404096
287.10336434933873
-218.7098090634732
-213.76693836085875
287.1033643493373
287.10336434933515
-214.47615632968643
-217.87305957563856
287.10336434933515
286.41604450890816
286.45465407380766
287.41630250888096
-226.82663195056512
287.10336434933663
286.6112558939744
-220.03320048156067
-212.83862216952437
287.2030933669916
286.7307019155986
-214.47615632968018
-221.0710324306429
-205.23918870336342
-212.71317161858565
287.1033643493358
286.1385221392693
286.2197751494352
285.39885543273886
286.4546540738028
-203.59493235895806
287.2210812834866
286.0288752097606
286.4546540738045
286.1385221392655
