-207.94158926927915
-205.19795033001546
-207.72472516778654
-205.00488173715345
-203.57260039014943
-216.38955866199277
-206.3942103906961
-201.8653291175628
-201.86532911756288
-211.19452008988867
-213.8391417012957
287.6144628079819
-203.59493235895238
-201.86532911756254
-221.28953430815193
-206.38624845862861
-208.72096721449898
-206.54732203795768
-203.65102830560815
-212.7403868116236
-219.86209235725195
-210.08149172173773
-213.92826916476062
-203.56730081702273
-203.56730081702273
-212.81755309921928
-217.49137647447736
-210.15589627900192
-203.65102830560787
-203.65102830560866
-213.31935972361885
-207.84111982336643
-205.0779994787683
-211.5863955515338
-203.59493235895204
-209.15165640522162
-201.86532911756277
-213.32030580274684
-205.00488173715382
-206.38624845862836
-203.6510283056082
-205.00488173715448
-203.6510283056086
-211.98052602794266
-207.7279001143244
-206.54732203795734
-203.65102830560812
-203.65102830560824
-206.39421039069558
-203.6510283056092
-216.17023372569818
-203.65102830560804
-203.65102830560838
-203.5949323589526
-203.56730081702239
-203.65102830560934
-203.65102830560852
-203.59493235895212
-205.0048817371535
-207.97053360094426
-201.86532911756228
-216.97963901275116
-205.19795033001557
-205.10775104974365
-203.5673008170227
-203.65102830560775
-205.07799947876907
-205.10775104974283
-203.594932358952
-205.10775104974266
-206.39421039069543
-203.65102830560804
-203.65102830560767
-203.5949323589529
-203.65102830560835
-203.65102830560838
-203.5673008170233
-203.6510283056085
-203.65102830560912
-203.65102830560824
-203.65102830560923
-210.1558962790023
-207.68471837295158
-207.72790011432588
-203.6510283056079
-205.23918870335626
-203.56730081702273
-203.6510283056087
-203.65102830560875
-205.1077510497423
-205.239188703356
-203.59493235895226
-203.65102830560983
-205.10775104974317
-203.65102830560937
-203.65102830560835
-203.65102830560934
-203.6510283056082
-203.65102830560875
-203.651028305609
-203.6510283056093
-208.8635715825591
-207.91212569847036
-203.65102830560934
-203.65102830560832
-203.6510283056086
-203.5192288513693
-203.56730081702344
-205.10775104974397
-203.5673008170229
-205.23918870335655
-203.65102830560892
-203.65102830560886
-203.6510283056081
-203.57260039014977
-203.65102830560838
-203.6510283056088
-203.65102830560832
-203.65102830560892
-203.65102830560923
-203.5673008170229
-203.65102830560903
-205.00488173715465
-203.65102830560875
-203.65102830560912
-203.65102830560977
-205.10775104974496
-205.00488173715448
-205.0048817371541
-203.65102830560818
-203.65102830560835
-203.65102830560733
-203.6510283056096
-205.00488173715337
-203.65102830560832
-206.42640054801478
-206.70140452926782
-205.0048817371541
-203.65102830560846
-206.42640054801566
-203.65102830560843
-203.65102830560807
-203.6510283056086
-205.2391887033574
-205.10775104974223
-203.6510283056086
-207.97053360094483
-203.65102830560883
-203.65102830560855
-203.6510283056088
-203.6510283056083
-203.65102830560863
-203.5949323589528
-203.65102830560875
-205.07799947876953
-205.10775104974377
-203.65102830560946
-203.65102830560852
-203.59493235895278
-205.23918870335788
-203.65102830560915
-205.00488173715462
-203.56730081702267
-203.6510283056085
-203.6510283056081
-203.65102830560886
-203.6510283056091
-203.6510283056095
-203.65102830560886
-203.6510283056083
-203.65102830560835
-203.65102830560826
-207.97053360094336
-203.6510283056079
-207.53586130623017
-207.97053360094517
-203.6510283056079
-201.86532911756262
-201.86532911756237
-201.86532911756225
-201.86532911756245
-207.7036968330614
-201.86532911756254
-201.86532911756242
-212.64340072933655
-211.92419160532228
-212.49860345138367
-213.00772639671274
-212.49860345138984
-212.4342335430093
-213.00772639671158
-213.60908759045202
-212.65105446912227
-214.17377661329272
-213.00772639671388
-212.7944608595343
-213.32979364858014
-212.49860345138075
286.8942839601309
-213.66607178229037
287.78223339336154
-213.3989318571068
-212.49860345138222
-212.86459276431228
-212.4986034513866
-215.26603905515887
-212.4986034513868
-212.8599541241557
-225.13300330606418
-213.32979364858093
-217.9451003517671
-212.49860345138734
-212.43423354301308
-212.4342335430131
-213.3990927431898
-212.2784093618314
287.5794954850638
-213.28151072669294
-218.44897179288543
-213.12054612701212
-213.0958309478205
-212.74861664748755
-212.053859809924
287.6218913481439
-214.36241014573582
-213.95687791138832
-213.1199079793666
-212.07190354713032
-201.8653291175623
287.9461401900758
-213.27788708139968
-212.46312445962195
-212.4631244596221
-214.07177436896842
-217.7283742365697
284.7320194722889
279.60177617281033
-219.2715590758501
286.91778095940253
-212.8444587530094
286.91778095940333
-229.64592582427753
286.9177809594061
286.00657477016955
287.1946585306312
-217.98832302663334
-221.52183169985852
285.7647926584894
287.43787335358275
-205.13009577196743
-212.18708019680804
285.8972255949502
287.06593273758034
284.9296046039911
284.929604603996
278.7919214109171
-203.57260039014946
-214.82437034907463
-213.56931451860316
287.21710138046507
287.21818799562226
284.57307783812627
287.37500962852994
285.01675990178893
-212.7322996379325
287.2171013804653
-230.87065698828928
287.2171013804649
-215.5833916069877
285.72795257856643
-201.8653291175624
287.43560312694916
-215.79606046428643
-213.1500641417455
287.2171013804659
-215.78016289570735
286.20320858402744
-216.8691490557921
287.21710138046353
-215.17265591432775
287.1587267214803
-217.54840016646844
-213.3449954626414
287.3561501076271
287.36529035302937
-213.50886659316205
283.8523833094348
-201.8653291175626
285.1892896668572
-218.22127151662895
286.19029771101265
-218.70819167949037
-224.0083543272039
286.6198268333419
286.6243555253135
-218.7081916794969
287.32287508792456
-217.21881524664443
285.70461688242995
-216.44719138558736
-213.2854467198633
285.70461688243483
284.363777776444
273.92054542225327
285.4016373535179
286.9031957326646
-243.9706118143928
-219.99648860996433
-213.0490880641038
286.9031957326647
-215.54811407127875
286.05328510647826
284.3637777764502
283.6502028573127
284.36377777644446
-213.73583293297781
-213.5646928401733
-213.56469284017138
286.9031957326665
283.89237154156024
-215.58339160699947
286.97967105064237
-247.88679000582985
-213.09007250541964
-213.2041729470523
287.6903620839175
287.19466251228914
-215.84606467296965
285.7046168824296
-213.07348122451617
-213.5047655798317
287.3284091559284
-224.37019547897097
-212.55580252959786
287.8817090926493
285.66386133302217
278.05159846381935
-213.26269802973192
-213.20417294705535
-213.56931451861178
-213.2041729470521
-213.204172947054
287.6166339345624
285.6638613330214
285.6638613330237
-201.8653291175623
287.32840915592516
-201.8653291175621
-212.90246899819402
-213.66275627642526
286.0857119458216
285.66386133302257
-216.6572970631916
-213.6627562764278
-213.20417294705055
287.33204010659017
-216.09040277539452
-212.9430233946063
287.3284091559243
-214.74842423596536
287.2409474849488
-215.1633000183201
-212.80848064741474
287.32840915592504
-217.07979267879006
285.70461688243086
-214.74842423596647
287.32840915592783
-216.1735737299348
287.32840915592345
285.75215296549936
285.75215296549993
270.029042681346
285.8575374952762
285.75215296550397
285.75215296550556
285.75215296550516
285.75215296550317
-214.30402206439499
287.5699764773758
-214.37937166496062
287.5699764773726
-214.9793936962636
287.5699764773754
287.23871343545994
-209.06450939660274
-212.68161179229196
-212.17152016079177
-215.55476111492914
285.70461688243097
-215.55476111492297
-213.98774947037555
287.3662943118063
-214.2367146786769
-213.20417294705493
-212.8084806474107
285.3578693338746
286.38524454888244
286.0879898471401
284.6761441337719
286.08798984713553
286.0879898471435
-215.64113906206717
287.2779911068237
-215.40482321489358
287.6166339345648
-214.14319234854213
-212.652903328177
-212.9172538603006
-213.204172947054
-213.1362890082055
-213.39721132637618
-213.2041729470527
287.4198014137515
-207.8411198233714
287.6903620839158
287.3418991461838
285.2189306754058
285.97395069306907
-213.03478896822313
-213.99209870605537
286.61805427677155
-209.06749940307537
-213.204172947052
287.5699764773731
285.72322107712773
284.56788246747635
-215.85141301203893
-215.2263141672729
280.20339857784666
287.1946625122802
-214.47987863544415
-213.20417294705067
283.09397077042246
287.04284166227984
286.8099179029582
-201.86532911756225
287.8464466722635
-213.18278453719805
-216.52448280538232
287.2103228503973
285.46111185118485
-212.83941014270795
-211.9380073715976
-212.25145120762966
288.2537088115956
285.3259645950173
-214.18645127592436
288.2537088115992
-213.28841356451224
284.2987121713669
-206.5572983973344
-212.74708162440373
287.3418966905214
285.46111185118417
286.9082003331855
285.4611118511835
286.90820033318727
287.48994226185204
286.908200333186
286.7418523002818
-205.10775104974473
287.3771433641512
285.46111185118417
285.4611118511884
284.8196877815853
286.5339021044599
276.1787401004333
-214.64240921938676
286.444344636337
-214.67403540498916
-211.99658868522042
-220.27157509450583
285.4611118511853
285.4611118511813
-201.86532911756223
-211.8914094076054
286.6824640552927
-216.17000361864032
-203.65102830561068
-211.8914094076071
-213.34661994239005
-211.89140940760575
-239.91471782792226
-211.8709612021527
-203.65102830561
-211.89140940760643
-211.87096120215588
-242.22074916327762
-212.2041846666842
-211.8914094076059
-213.9203135246218
-211.89140940760652
-213.3560268717585
-215.28092802442188
287.36035184131515
-215.5680925076216
288.0128718036887
-212.75053760500768
287.32123173194054
-214.7988524562417
287.6775491752947
286.41997538379707
286.35519170590624
284.81968778158523
-214.1741706801435
-212.9213478845379
287.32123173194174
-215.36162905340453
-212.3051464065401
287.6775491752936
-215.36162905341166
-254.23796332201272
287.67754917529396
-215.36162905341044
287.9376358485665
-206.55729839733348
-212.95218158249847
287.93763584856174
-216.70497638623527
287.93763584856026
-215.6340688169043
-213.19040963579263
-212.44930720256184
287.9376358485627
-223.84863180217906
287.9376358485611
-215.36162905340717
-215.9435517498368
287.93763584855844
-212.8582683361893
-213.19040963579604
287.9376358485576
287.3435283103571
287.67128457416743
287.6712845741707
287.67128457416607
287.671284574166
286.3551917059065
287.6712845741654
286.8629192334859
287.7805934572173
-215.32800248396106
-212.47366505425617
279.26527368678387
287.73615686572236
-215.27894017169018
285.1762939745135
288.0296577744885
286.3551917058998
288.02965777448804
288.02965777449117
-252.4738915074007
-212.47366505425333
-212.47366505425254
-212.47366505424768
287.9376358485575
288.0296577744864
288.03850661810134
287.0209530310964
-216.26993688065798
288.1069979299203
288.02965777448827
287.7746302431128
286.92504421388196
288.3934096334731
287.3468362730607
288.029657774487
287.0209530310961
287.7361568657241
288.0296577744868
288.02965777448645
288.0296577744907
288.02965777448713
287.78960649588726
287.0209530310952
288.03311422017686
288.0296577744873
288.0296577744856
-201.86532911756214
286.16740033972445
288.02965777448463
-212.6724792683842
288.3458908059362
287.7361568657249
288.0296577744868
288.02965777449015
287.02095303109434
285.46111185117843
287.0209530311046
288.34141989304675
-201.86532911756214
287.23652649763824
287.73615686572174
287.77082802960416
-213.00033300631526
287.8406243079049
-212.539211777671
-212.47366505425802
287.83896829183453
288.02965777448645
287.3435283103588
285.60937738088313
-216.67301426781577
287.77082802959706
287.7708280296043
-219.62521933926797
285.00655631012313
287.7708280296023
278.1620472884999
287.7708280295998
287.7708280296013
-201.865329117562
-215.18503666620026
287.9376358485527
287.7708280296028
287.4354873056508
287.02095303110036
-213.30599617172888
288.4313214023016
287.77082802959853
287.77082802959745
287.770828029599
285.14093879650335
287.12767069519464
-213.54383978974656
-213.4808478500508
-212.9213478845403
-216.7419998839629
281.35155619535925
287.48265729056595
287.7708280296028
-212.56451269435112
-212.92134788454
-242.52023691691414
-212.98996111335836
286.2285988316937
-214.21328257062308
-213.94524164295285
-212.92134788454146
-212.92134788453922
-217.01494410065573
287.0143120943734
-212.67428661555073
-212.92134788453913
-214.25745796892272
-212.92134788454305
287.88223420055874
-215.1480036058483
288.3458908059323
-213.09144537509223
-213.28531859637454
285.8884737652897
-212.92134788454
-212.2899373556788
287.8703248571631
287.7896064958804
288.0296577744835
281.33130943875284
287.7708280296
-212.61268717875444
-213.0660579806058
276.0911234363591
283.71957201189304
288.0385066180969
287.7708280296014
286.28285895505564
-214.23656545485014
-212.3422900566215
286.3157537254989
286.8708225125272
-203.5949323589542
-215.9596771665096
287.8822342005556
-203.59493235895408
287.5965099718035
285.10167281472656
287.25041041603896
-203.59493235895408
287.5965099718022
-214.83845583149366
287.8703248571622
-213.5811338985125
-214.80710771110998
-213.34661994240483
280.1742318278572
285.59367310064096
286.35747782418554
-218.312399205002
-214.23656545485696
287.67128457416015
-215.79750444081935
288.2074070588983
285.7496676947709
287.2123083098181
287.2123083098156
-214.23656545485153
287.8242168532859
-214.21535703911871
288.44027506348016
249.98164121358403
-214.2365654548534
288.20740705889887
-217.0209207723588
-213.83888116244705
-213.33841729689465
288.34141989304374
287.2504104160352
286.922902358402
-203.594932358954
285.46111185117684
-214.86236188121742
286.6266122360301
-219.9701266543862
286.9731083335229
287.39446934852106
284.5229008865688
286.92290235840915
287.48294729065674
-217.0364385354371
288.3414198930434
-213.34661994240372
-212.31749606221354
-214.30385196004028
288.0210378268798
287.02526401516246
-216.02792559420453
-213.01661081917712
-212.194844008276
287.817745861891
-214.9955039244034
288.34141989304067
-213.34661994240747
288.1878654612204
-213.3466199424023
288.1670939020383
-213.34661994240344
287.6731191006324
-234.90332033378928
288.3414198930425
287.2504104160357
287.48294729065793
-214.86236188121916
288.3414198930432
-214.84569222137097
-212.2485607408326
286.00068965547786
287.6691544338204
287.4852136949303
288.13323401241655
287.66915443381856
-214.2948660481067
287.8751736318139
287.55677408752933
286.9595975380217
286.95959753801986
-217.62845340142917
288.34141989304106
287.2759339796295
284.4384249310606
-213.28931112765713
286.65915291469696
281.7908668881732
286.9595975380189
287.6691544338172
287.3418991461762
287.169444058849
286.9595975380233
-213.33841729689112
287.55450906104767
286.95959753802146
287.5704988965446
287.25041041603333
287.8389682918304
-213.3059961717391
287.4852136949242
287.0312917751837
-213.7723115353239
-212.24856074084084
288.3414198930406
-212.9055750575155
285.6810857450609
287.66915443381254
287.6691544338131
287.7072113115703
286.4293727982037
-213.3384172968966
287.3466325582988
-213.3384172968988
288.34141989304146
-214.17898431466946
288.34141989304084
-214.37620512839285
287.04284166227075
-213.33841729689584
-213.3794222165889
288.34141989304044
287.2504104160316
285.9551153473072
287.1983577338959
-213.45529024680695
287.8715765505169
-213.33841729689667
288.34141989304067
287.2504104160303
-203.5949323589549
285.68108574505624
-213.33841729690243
286.95324470331803
-213.33841729689877
285.6810857450551
287.4606410663701
287.2504104160305
287.4829472906521
286.4792829032167
-201.86532911756234
288.1085905923838
-213.3384172968979
-213.3384172968949
288.34873071494496
287.25041041603185
286.9652110317705
-213.33841729689516
288.34141989303794
-214.29486604811126
288.3414198930388
-213.33841729690178
-213.11101425215276
-212.85341311509814
288.15953177848496
288.028950384405
-213.3384172968944
287.34663255829815
288.03311422016225
-213.07995499515206
288.3414198930392
-213.33841729689772
288.34141989303987
286.450551738775
-212.7915741348562
284.3803348403521
-215.96216336537137
288.1307127556273
287.1946625122782
-213.338417296897
287.93763584854264
-213.338417296897
288.13323401241416
288.1595317784769
-213.33841729690073
287.67754917527355
287.16713177756276
-213.33841729689482
288.09444456006645
-203.57260039015014
-213.19040963580844
287.61628301688523
287.5932146130231
287.19466251227504
287.6138419530783
-201.8653291175623
288.3414198930379
-214.36366908092424
288.34141989303805
-213.73583293299615
288.34141989303845
287.19466251228016
-212.96938755241487
288.34141989303566
-212.73229963794842
288.0944445600645
287.7759479307404
283.6451596491874
287.44364284213594
287.1946625122769
287.19466251227084
286.8732094481384
287.3944693485137
286.9595975380173
-201.86532911756225
-212.52923551158517
287.9376358485436
287.19466251227055
287.1946625122707
-201.86532911756234
-216.28589390588178
287.12002836257454
287.19466251227203
287.1946625122681
287.19466251227243
287.44364284213395
287.1946625122744
286.8278040648094
287.77594793073763
287.5567740875268
287.19466251227556
287.71042631096634
287.19466251227766
-213.37275733186348
287.6775491752732
285.5962036390796
287.1946625122729
285.614421220976
284.468570598433
287.2504104160251
286.95959753801077
287.21818799560936
-213.30599617174676
288.34141989303663
287.25041041602725
287.25041041602407
-212.90557505752406
288.341419893039
287.2504104160272
-213.56548094204175
288.34141989303487
-212.91198915429257
287.4852136949218
287.1946625122701
-215.30901804134848
288.34141989303646
287.8373704336111
286.7814381355742
287.1946625122686
287.1946625122714
281.33551104923646
287.1946625122697
287.1946625122716
287.1946625122748
287.19466251226805
287.19466251227243
287.1946625122736
-213.338417296899
288.34141989303527
287.2504104160242
287.2504104160233
285.8033034785955
288.00183436692635
287.1983577338867
287.25041041602236
286.6828270246508
287.0995169979887
287.19466251226993
287.7072113115717
287.19466251227186
287.1946625122706
287.1946625122729
287.6138419530814
-213.7358329329977
-213.16904177602063
287.9376358485372
286.9595975380076
285.47220305421365
286.73097275252877
285.9736744286545
287.0674121369162
287.19466251227203
286.4639278052412
288.02965777447685
285.9736744286567
-213.73583293299723
288.34141989303873
285.97367442865203
-212.8640823328713
-212.24856074084738
287.6498826956462
287.61384195308017
-213.3384172969024
-212.92312843411926
-212.8583796410058
288.3414198930365
287.19466251227874
287.1946625122719
286.02448669980464
287.16944405883527
286.95959753800787
287.39446934851594
-213.760274318568
287.2788655770602
287.05734741836613
286.95959753800764
288.02965777447525
-212.82275911160727
287.0740512290688
287.1946625122717
287.6712845741522
-213.2041729470759
288.341419893037
286.9595975380038
287.1946625122701
286.48870757491125
287.1946625122763
285.5936731006227
286.3033072357468
-203.59493235895496
287.6775491752699
286.33665261808073
286.92290235838686
-213.5480228423938
288.3414198930365
286.95959753800804
-212.96938755241337
-221.5656946278225
287.4606410663713
-212.96938755241
288.3414198930313
287.0995169979878
-212.89287460237372
288.34141989303475
286.85931990792176
286.85931990792074
287.44364284213333
286.85931990791636
286.85931990792085
286.7326247570998
-214.86382110653437
-212.38767732765717
-212.38767732765845
-214.863821106535
288.34141989303384
286.8593199079205
286.4519771576036
-212.89287460237313
282.17403720656864
287.1946625122746
-212.96938755241075
288.3414198930298
286.8593199079168
286.9595975380028
280.9277656449453
287.1946625122728
287.0995169979845
286.85931990791903
286.8593199079182
286.8905908349497
287.4829472906444
288.1595317784745
286.95959753800526
286.85931990792
288.341419893032
287.19466251227067
286.3235805849878
-212.96938755240967
-214.8073034626949
-214.4826601817291
-203.6510283056099
-214.12530575031215
288.3414198930332
287.0995169979867
-215.60397852370428
288.4280308892707
-206.54500383005976
-212.38398552106602
288.3414198930314
285.89365758779144
286.99075287638163
287.19466251226856
287.6455185192153
-212.90048300202037
286.2479633247151
286.95959753800156
286.95026304208875
-216.40585751550327
287.3636865515924
286.859319907918
286.9595975380017
-212.72815854948192
288.34141989303004
286.85931990791914
286.53230205233984
-224.07598964783324
287.310506516307
-213.56548094205456
288.3414198930311
285.59367310061907
287.1634258520712
286.85931990791266
287.2779911068111
286.8021396137154
-212.98224154072133
287.6390014389575
286.8593199079165
286.85931990792176
286.8593199079199
286.8021396137134
287.2670817926322
286.8593199079203
286.84709552104124
286.8593199079172
287.194662512269
286.53169261583224
286.8593199079215
286.85931990791806
287.3284091558943
286.8593199079218
286.85931990791886
287.4829472906448
286.8593199079152
286.6828270246436
285.5765703233302
-218.2863372931665
288.34141989303055
286.9001870627236
-214.42252463661598
287.20902899254276
-203.59493235895533
288.34141989302873
286.8593199079218
-213.56548094205166
