-215.73972123214662
-213.72413020354998
-213.21668763954884
-201.8653291175627
-211.18100161149715
-209.7812690396487
-213.7047830613095
286.5108922624158
-205.12074992102268
286.2926796594004
-203.57260039014997
-206.37132290134673
-211.04859464141836
-203.5192288513688
-205.12074992102293
-201.8653291175625
-212.86563047469508
-201.86532911756302
-201.86532911756265
-203.5192288513688
-201.86532911756254
-201.86532911756262
-203.6510283056088
-212.40991010324248
-203.57260039014952
-215.97295821101451
-213.33883234875753
-208.06036384937894
-212.86649841181605
-214.49262345856573
-228.64045280792982
286.0876522402448
-201.86532911756288
-201.86532911756265
-216.34757807319087
-227.6990352981494
-203.5673008170224
-203.57260039015006
-211.9897672899101
-201.8653291175625
-203.5192288513692
-201.86532911756257
-201.86532911756248
-201.86532911756282
287.44233595421014
-205.19795033001546
-219.55561051202534
-213.83037742052673
-201.86532911756277
-201.8653291175627
-203.51922885136904
-212.5918634641928
-201.8653291175625
-201.8653291175626
-201.86532911756262
-201.8653291175626
-201.86532911756274
-208.77488579447402
-206.4262226133829
-201.8653291175626
-203.5673008170226
-211.7101926998808
-203.57260039014966
-205.13009577196814
-201.86532911756296
-201.86532911756265
-201.86532911756285
-201.8653291175624
-201.86532911756282
-206.42622261338167
-201.8653291175628
-206.3425093764102
-201.8653291175625
-213.20740447776632
-201.8653291175625
-214.38351954138506
-208.77488579447441
-213.85097849453786
-201.8653291175624
-203.5726003901498
-201.8653291175625
-201.86532911756248
-211.38114130673313
-201.8653291175627
-201.86532911756223
-201.86532911756214
-206.4262226133802
-201.86532911756248
-201.8653291175623
-201.86532911756228
-207.78113126697187
-201.8653291175624
-201.86532911756234
-209.93928217183364
-201.86532911756234
-201.86532911756242
-206.34250937641022
-201.86532911756248
-201.86532911756242
-201.8653291175626
-201.8653291175624
-203.5726003901497
-203.51922885136918
-201.8653291175623
-201.86532911756248
-201.86532911756277
-201.86532911756262
-206.42622261338292
-201.86532911756265
-201.86532911756257
-206.3713229013471
-201.86532911756262
-201.86532911756242
-206.42622261338167
-201.86532911756277
-210.131248662911
-209.64553311396753
-201.86532911756248
-201.86532911756262
-201.86532911756268
-201.86532911756265
-210.87159717806526
-201.86532911756248
-206.34250937641107
-201.86532911756254
-201.86532911756265
-206.42622261338408
-201.8653291175627
-201.8653291175623
-201.86532911756265
-201.86532911756245
-201.86532911756248
-206.3425093764108
-201.8653291175624
-201.86532911756242
-201.86532911756265
-201.86532911756262
-201.86532911756254
-201.86532911756262
-201.86532911756254
-201.86532911756254
-201.86532911756245
-211.7852742872503
-210.23139480885527
-201.86532911756223
-201.86532911756237
-201.86532911756265
-201.86532911756262
-201.86532911756262
-206.42640054801464
-210.74640209825978
-212.2409424572678
-212.498603451382
-212.68901930250885
-216.95050679624129
-213.6660717822947
-212.6434007293359
-211.92419160532032
-212.49860345137805
-213.4629151424225
-212.18879508518157
-212.49860345138333
-213.71651616155174
-213.6660717822933
-213.32979364858002
-212.49860345138305
-212.4986034513802
-213.13531246716457
-309.9641037591423
-203.51922885136915
-270.71745715133414
-236.1928895674415
-207.84690426443146
-208.09740714062497
-236.58839803858365
-154.0423389152325
-212.25880637907747
-221.39966320105887
-208.82377383832957
-212.25880637908065
-212.2588063790797
-208.70164813958982
-213.55425668346768
-211.67704235961835
-141.61790951856793
-228.9037420321283
-145.2183777913918
255.20571595433148
-234.744287116365
-216.51558136938183
202.8747535707539
-207.86930324906348
-209.7159391805497
-143.8156319282259
-150.79527956246486
232.15440427311592
-145.42804005558176
-161.16797409006878
-161.22196826596146
-209.7159391805499
-212.25880637908088
-162.0338724183392
-214.0222460429069
-307.3465495355359
-256.2326583260615
-237.05258551742125
-224.502276140609
-212.54545005304408
-260.2115752313411
-213.8796746765888
-139.5567772389368
204.22458516466642
-201.86532911756225
186.58043608831645
-230.95042679586197
-135.01172334539808
-203.5673008170233
192.22481501454826
-301.1929859854276
-242.1325098157929
-132.03308218164486
-215.82241702879563
-339.394440523295
-208.89760213728047
-332.8290528390784
-212.25880637908153
-209.71593918055186
-212.2588063790818
-209.71593918055095
-211.5352100201062
-211.6770423596209
-213.01041719176655
-212.25880637908276
-249.41492180637684
-208.70164813959127
-208.09740714062542
-212.25880637908404
-211.67704235961884
-209.71593918055154
-211.6770423596196
-220.16445559478979
-209.15839659753917
-236.49000263918086
-221.46173381561715
-211.67704235962168
-211.67704235962145
-211.6770423596225
-211.6770423596231
-357.39312660452185
-212.25880637908492
-207.8741625810032
-166.29220209180838
-213.24270647077702
185.36905620030785
-287.9218897511337
-214.02224604291132
-143.1250550643221
-210.87054600830726
-221.41964764703704
-210.06335286311173
287.5425033410179
-209.43760083754293
-213.24270647078126
260.7837460012189
231.30648432083223
279.60299595681727
-247.2101130016735
278.470379595984
278.572378732695
276.86605741607065
-212.25880637908554
278.5723787326886
-216.59996845328456
-207.87416258100467
-213.70847122020598
278.87416242323246
286.8211617057162
-222.01371161841723
-213.57642847642933
286.46068407749414
276.10105550094033
284.96261448440936
-215.5982711196577
266.9315507656057
285.1876460528381
-214.20969482837612
287.07107659905944
287.1969813392293
-207.8693032490627
278.8741624232305
285.18764605283536
-215.06459351240142
-213.57642847642774
-212.81546881401928
-208.89760213728297
-206.69152295605647
278.8741624232329
285.3778344611285
-213.77161543397003
-212.25880637908546
-210.2324851326971
-210.39558277219516
-210.06335286311497
-214.5427479463459
254.15950652795067
286.3523393578606
-217.0175610401686
-211.40638513002017
-243.09222842514583
287.3284091559273
284.9589795456912
-216.4471913855906
278.56211995921547
-216.44719138558528
-226.84420778092883
-212.29561993728564
281.2119734721164
-203.57260039014918
278.0295718159993
285.18764605283474
285.1876460528307
282.0441165099777
285.18764605283565
286.9432387786302
278.87416242322826
285.3778344611294
284.90913189606795
-243.57979822446836
274.2755694157247
285.34398625322484
285.3778344611266
277.1921886814863
280.60691541877475
-217.036859870566
260.45705502817185
-227.72471019409585
-212.77362920591355
-228.46713285683867
278.8741624232215
-208.89760213728562
-216.9199333614736
-203.56730081702264
-216.38649384267427
-208.7016481395932
-223.36415537666753
-236.92970693904027
278.874162423233
-213.34739227775256
-212.53954244485686
273.4754441013216
-215.62520069441007
-213.42489314098364
271.6738844935951
-209.10796538553538
-208.0974071406263
-212.25880637909003
287.2525691593759
-215.1517364193747
287.98966880867937
-225.42001350878365
272.55943379236254
286.0383760594419
287.05707043413423
241.36486024365297
-206.69152295605883
262.82190161802845
278.5723787326855
237.35805490133026
279.0509534006096
278.5723787326871
-213.70847122021596
218.99397085865425
-224.54837663236438
278.5723787326822
-213.8796746766013
-212.77362920591895
-224.66288003544096
-241.12871948590958
275.22142271526445
232.89140870838628
260.71771329678654
278.95812664682234
276.2716820075674
-211.67704235962495
286.7585018181735
209.34176157436298
-208.0974071406268
271.31772135536704
-212.77362920591352
287.79949660425603
-214.01321504609504
257.01365861441
-210.60538586813811
-213.11118495807753
-212.77362920591997
257.9026929469391
257.704537755411
251.50379536190988
-213.57642847643186
-211.40638513002708
-231.0522800216056
274.9846324893464
-216.01379073120253
-207.86930324906254
-205.13009577196794
270.10739060363505
276.8533238732181
-212.25880637909242
278.874162423226
-212.83101995561128
-211.67704235962637
278.57237873268446
278.5723787326952
286.19487047388213
277.56807809129737
276.19309877132315
-214.1180040010336
-208.09740714062593
286.89781003482045
287.9339935125353
-212.77362920591438
252.67986857867857
-213.3990927432049
-208.70164813959443
288.1021379703115
-214.15392350805018
278.56446802221797
270.9218835607486
277.97480139680016
-208.09740714062664
249.7429839672323
-211.9075832251795
286.1948704738829
-213.21231806816147
286.19487047388
-214.25396715311865
-213.87967467660604
278.88530849091114
-223.77300205492145
-208.89760213728613
-280.36906592486116
264.894513025705
-210.71256181784747
-212.73631715470495
-212.20606608166244
-223.55087373998592
286.86706845127486
-209.15839659754704
276.91379211221647
-214.25396715311493
279.8620944577564
-212.25880637909054
-224.21760060580738
274.38863421586433
-215.64563086497535
-214.68911773969683
286.89428396012556
261.4463643299157
286.89825609249937
252.63470877202963
278.5304743131512
274.734006923513
275.66250265931586
274.29537200499004
-211.40638513002776
276.5974583465215
275.68338078340963
286.1526671861398
274.3851888472424
276.59745834652625
275.04162130675604
-209.15839659754695
273.7991656773982
262.60100138833076
286.1431957031579
267.7488146118213
-212.68901930252838
-209.1583965975475
-207.67943643086454
-207.67943643086568
275.2498962833926
-208.09740714062647
260.2219970192696
274.88772136999927
-214.55211370913008
-214.62609534276825
266.9353458549341
264.21046387577326
287.613936176131
276.77757477306636
267.4735310822439
280.0631001833915
287.78223339335096
-211.40638513002853
278.5304743131518
287.3224479265533
286.73485706470444
288.17510775192187
288.1751077519211
-214.25396715312078
-213.98957070705862
-205.12074992102268
288.1841360173863
217.2440737910993
275.3013537783222
287.4223379143498
-210.6053858681442
287.3094120754434
-211.40638513002912
-208.897602137289
-212.65344638077354
-207.8693032490628
286.6870822135284
-206.5212055984401
287.6382178033662
-213.69357566437333
286.4387298023739
286.93896399965814
286.93896399966036
-210.7125618178495
273.76209712071824
286.93896399966013
286.9389639996583
-210.8473825130415
275.0429160887281
-212.89314707071463
286.1746446877384
-212.653446380775
287.6039497886313
287.62746014488937
-208.8976021372885
-210.7125618178489
-208.0974071406272
274.802027314081
-209.15839659754758
-207.86930324906018
-208.89760213728792
287.62722112792034
-236.8787026762316
265.3702719463334
-213.69357566438202
287.12792906652015
287.1587267214771
-210.71256181784958
274.4416926020869
-212.6680447733344
287.7280842079804
264.17646250694673
-209.15839659754974
-203.59493235895374
287.34709667182193
-203.6510283056102
285.88189749929455
-214.1844226086734
287.7699716789137
287.3059316825086
274.09829550315834
247.71693872911243
-213.6935756643823
271.8136425125578
-210.8705460083179
259.6089090057785
-212.78383493101808
276.10479009694643
-223.76167946550459
-205.0779994787732
276.3935156622258
287.51935734870165
-215.8053248653806
287.62418372760175
-211.19803825856093
267.09763948803953
287.57975419942005
-210.28472870227446
-215.10795668594383
-213.003539808464
-212.65344638077548
-210.87054600831917
-213.04341820277045
286.9389639996577
287.60690804545527
-213.00353980846555
287.3470966718184
288.16350699399067
275.11019449070267
-214.78919401001562
287.34709667181806
-212.5529498164238
285.82064164517584
287.3470966718212
264.0882864405568
287.71862136603545
287.34709667181994
287.347096671817
287.3470966718189
-212.86564179431653
287.3470966718192
-210.73398552210102
276.99280927793717
287.7260947872925
287.3470966718167
-213.17741911045982
-212.5583587408764
162.44805343458228
-212.65284218792794
273.76541176982465
275.7903747583588
-213.24270647079848
276.33252629950357
265.50933721581634
276.3325262994894
275.87406684785174
276.33252629948316
265.75421118090486
-214.96235808062602
-212.2652461226605
276.33252629948186
-212.22956068574788
-212.265246122664
-203.59493235895425
-214.2597992511308
274.691281551738
-213.24270647080698
-212.83101995561563
-213.75332840797935
-215.15192578035578
276.7229523745114
276.9923435468303
276.66317484023085
287.76997167891346
-214.16460330510543
288.1230892363496
-212.1421931998599
266.1700239035767
276.3325262994811
-213.04341820277688
287.6218913481159
-213.98957070707476
-213.98957070707218
-214.13417579762086
-212.20606608167284
288.1751077519158
-213.2427064707997
-215.15192578035578
276.88304255119033
-223.75033899573248
276.65726638420267
276.8830425511871
-213.69357566438464
276.5843500667319
286.5387108430411
276.95736838945425
275.0702605318537
286.8942839601144
-286.82609091387815
224.46049247336936
285.4633409658476
275.45943721426835
-234.2111194450369
267.21231530027006
-210.60538586814909
274.61080441049074
275.3367990258785
-208.09740714063042
-214.9623580806281
-220.31602013345702
-227.73040044303985
280.0767318220812
-213.70847122023414
283.29126126033276
-214.2039408372069
-212.77362920592728
276.33252629948703
276.6631748402212
276.6075061655962
-212.83101995561648
-213.06911731237588
-213.24270647080166
276.10479009694376
-212.14219319985767
276.782596683282
-212.14219319985907
276.092854530444
288.1556744080121
-212.6430878432885
278.19043396172765
-212.58568200790282
276.65726638420256
-213.2427064708041
278.4108599917871
-210.60538586814863
-211.60735978359986
-213.2427064708043
287.8421619204477
-208.70164813959843
-210.28472870227301
287.76997167890715
282.54181801898994
-210.28472870227085
276.3399580651049
276.58435006675154
-203.6510283056103
274.7955064379397
229.1131985355161
190.05442139214966
287.76997167891
288.1401319111491
287.4537485130919
-143.2793722669353
-142.17762867454124
287.6752745901157
287.3504380033724
-142.75393904188772
246.0227955145879
277.32060956764735
183.16208838099095
-215.48978594259478
276.58435006674375
-231.92756745309035
278.19043396172503
-252.0030168798526
-220.8872008359974
-212.25880637910365
287.76997167891085
-225.9573381122262
-224.32732745053767
278.1846987506624
279.06685015488625
-211.42179684055424
-281.5625269315642
-211.59372316031303
267.58469257521466
278.41085999179023
269.3594041098261
-212.0145945904957
-213.00353980846586
277.8058516908264
276.3399580650971
287.76997167890596
-214.0222460429457
278.4108599917958
278.190433961718
-214.16460330510284
-211.92419160534988
-210.87054600832823
-214.16460330511217
-211.59372316031482
260.27144505118383
288.1556744080088
278.41085999179364
-212.64795431554708
-203.6510283056088
-270.3828520588223
263.96181503831303
-214.22803680714458
181.66519791272324
-223.42915401997664
-212.01459459049778
-235.75956772967683
270.7101780032342
287.62189134810944
287.0410246566635
288.16350699398504
-216.11941180136057
267.93860259864863
-210.87054600832786
287.7699716789051
-213.02740422798593
287.3470966718153
-226.00317823572988
278.4108599917891
200.17965248762846
276.97258839395397
-211.60735978360157
288.1751077519132
278.19043396173043
263.8388650151253
269.2168871123603
278.138953254505
-213.42923501320774
246.3386471692865
287.76997167890477
-214.12984366146895
278.19043396173663
-214.16460330510404
287.7699716789048
276.9725883939581
-203.59493235895496
243.18697513818438
278.01011836800154
-213.8796746766197
287.453748513089
243.23634062799567
276.9725883939559
-212.85251475451426
268.36368963462536
275.1481993896024
288.1556744080102
-229.5092102735096
-210.06335286313043
278.19043396171526
-203.65102830560951
-215.46630854194993
-213.36209407894523
-214.12294913122577
-138.96648896366912
-212.89058665696982
257.71550590245494
173.93785027261066
273.0307599440735
274.9459787981994
-213.24270647081283
-227.50341911019427
287.772619779223
-135.597403413882
-213.42923501321624
242.3143341664151
260.8555280711361
-206.52120559844298
-286.45699385881835
-213.07941826983304
274.47511259492387
288.1401319111428
-215.75485211071756
276.9725883939538
241.0655751787315
-213.07941826983557
-213.69886235932395
276.9725883939617
-211.59372316031713
276.58435006673653
274.63017060964245
-211.9241916053531
-212.0145945904981
-215.31948234349747
-212.78383493102524
266.35432322115946
-214.7735835207378
276.27995198864846
276.43964093685463
-214.12294913122633
276.5843500667377
274.4333744018047
277.04210778154936
-213.27769156624535
263.09675798793313
-212.81646829941081
267.4655230086419
-212.81646829941346
276.97258839395005
-212.45024246129637
278.9581266467919
-239.0349728336129
-215.19842919109328
-208.89760213729713
256.4609145836049
276.9979452518352
274.8861091615006
-212.77362920594078
287.4537485130873
-215.31948234350003
266.5836928647692
276.9725883939619
268.6153268314455
267.50889494453503
287.1736971515901
-213.87967467662656
265.5653984908586
-213.54583761095378
-211.1980382585712
277.4138391968936
276.97258839396164
276.972588393958
-212.7838349310249
276.4559456811632
-213.8796746766256
276.60982193727494
277.0458535296186
-213.87967467662816
-209.15839659755568
276.6384405904985
-215.08408563776638
-212.73631715472806
276.97258839396443
287.09904638813134
-212.77362920593794
-213.8796746766295
276.9725883939389
-216.16458235466516
276.9725883939543
276.9725883939563
276.97258839394095
-213.87967467663066
276.9725883939599
276.9725883939542
277.04585352961664
272.6680554112458
-212.7736292059426
-215.31948234349653
-212.25880637911175
-203.57260039014892
278.9581266467849
287.04588861492493
270.1936112122894
-215.03027455815726
-210.06335286313535
265.917945978027
-212.77362920594553
-208.89760213729966
-210.7125618178646
-213.7084712202468
-211.4217968405556
-210.6053858681554
276.99794525184063
276.9725883939476
-213.23656949068106
277.4683549305536
-214.16460330512064
257.8692691540367
276.7959053183638
-214.9335485094701
-212.77362920594146
-213.5764284764651
287.6882082994003
269.81946543744925
-212.01459459049957
-214.35992371938346
276.9725883939468
-213.13670629906974
288.14596535673456
-212.01459459050028
276.9979452518336
-215.31948234349144
-224.98844205170653
276.6645077310117
276.97258839394766
276.97258839394505
-207.67943643087355
276.97258839393635
277.6629844624778
276.97258839395363
-210.3955827722152
267.94343000864706
287.77261977921586
287.6903620838946
-212.886703143601
278.35487331963367
283.77451596036497
-210.60538586815898
287.5006155363344
288.1401319111377
287.7089442029259
-213.50916052970433
278.8853084908803
278.8853084908799
278.3651457830941
-203.65102830560878
287.08842057646785
253.17662265876913
278.3220618433271
-205.12074992102325
278.88530849087334
278.8853084908786
-215.4055398211786
278.29143740838043
287.88170909262107
278.8853084908751
278.88530849088266
-205.1207499210229
-214.97814743359316
278.8853084908795
287.8256722722064
-206.5473220379584
287.73792364801193
-206.5473220379593
278.1220785512585
-213.49902624838032
-206.5473220379576
278.8853084908738
-214.12294913123887
279.2161176204287
273.303912373553
278.29143740839737
287.6649265751819
-213.70847122025336
278.39666798595516
278.8853084908824
278.87416242318716
-213.5488555329875
278.88530849087476
-213.4990262483827
278.8853084908689
-215.31948234349548
-216.28134898778742
288.15567440800316
277.8604659997763
288.1556744080004
-212.06927591295928
-215.2778979967565
288.15567440800265
288.1401319111385
-207.87416258101928
-213.82381986579486
-213.82381986579304
-214.35992371937868
274.3826477681187
288.1751077519042
-212.73631715473343
278.88530849087863
-206.54732203795876
-213.49902624838126
-206.6915229560636
-213.57642847647574
-206.52120559844624
277.6957240571337
-213.0490880641495
279.16178451837266
-214.0132150461371
288.1751077519027
287.7699716788954
-223.95723616943053
287.92944183571285
287.9294418357107
-223.5849823536064
288.14013191113474
277.8289677470821
288.15567440799856
-212.12587782023405
-213.80098990782216
257.8079334987722
279.9052269692278
-233.8131537804497
287.92944183570813
288.1556744079982
-211.86993967001845
287.92944183570836
279.90522696923097
-211.8699396700218
225.5880470970244
287.9294418357087
205.45788123443856
257.5566093913326
287.0232512968228
287.92944183570785
256.2529758972867
287.92944183571
285.5647158532468
287.3871625669895
288.1556744079993
288.15567440799794
288.1556744079987
-213.82381986579583
255.1950355996423
287.7726197792103
287.8108433761911
-213.4990262483855
268.83330610443437
-207.86930324906493
-214.35992371938138
267.0674961275569
287.45374851307804
-211.86993967002206
274.7626166205909
-207.67943643087446
-213.57328962225426
288.1751077519011
-309.0400518080776
287.8816220222691
287.83323532332173
288.17510775190163
288.1751077519006
-251.10237120776907
287.7223979490266
287.9294418357065
287.3224479265312
267.31592969984314
287.9294418357064
288.1751077519001
-201.86532911756203
287.929441835706
287.92944183570984
266.67683385316553
287.9294418357101
288.175107751899
286.4397280638282
-239.8657171751542
-228.72759367908355
286.73485706469677
288.1751077519007
287.91608914434113
288.17510775190004
288.1751077519028
271.0919998457191
279.63271264501674
287.1394308460249
278.36303706374974
288.15567440799805
278.49117176681517
288.17510775189845
288.1556744079965
-213.64317299103035
-213.82381986579244
-212.83101995562546
-213.82381986579398
-213.82381986579472
-206.5212055984468
-214.35992371938124
285.1249883666
288.1751077519002
267.6796832609972
288.17510775190016
268.23652956127154
277.0846511405408
-226.20705337480243
-211.97748403778374
277.70718731493065
287.9294418357025
287.947280029617
288.15567440799634
-211.8699396700263
287.92944183570745
287.9294418357058
279.7438111924879
287.9294418357058
-240.28064418053245
287.62537731695
288.1556744079966
286.60919428952656
288.1556744079984
-247.51865921628345
288.15567440799674
288.1556744079967
288.1556744079947
288.1556744079964
288.15567440799606
288.15567440799674
288.15567440799873
268.5779955276465
217.70841067063355
279.85740523507826
266.80097582559165
288.15567440799805
288.1556744079971
255.26764901259213
277.9458873235951
260.12215158495945
288.1556744079961
243.30465279219132
288.15567440799583
288.1556744079981
262.5325831975511
247.6236345332835
287.852964828132
-206.54732203795925
287.62746014487146
287.62746014487163
-214.3599237193821
259.3167631229182
276.6369005138391
-214.35992371938332
-214.3599237193845
288.1751077518996
279.7732778136277
278.3043939232041
251.43546294333535
-215.31648905636493
265.3953086754518
287.82861739888517
-231.7151064698213
288.15567440799464
287.70012207294104
286.79454781943343
-290.0353540432161
265.7192237810143
-201.86532911756203
288.15567440799344
222.37171630063204
288.1556744079958
288.1556744079944
288.1556744079953
288.155674407996
288.1230892363316
288.15567440799424
287.7699716788876
286.19487047386707
288.1556744079965
288.15567440799566
-213.3043282163813
287.9026854835701
286.7945478194338
-222.4727517578835
287.0593044367988
-216.19200600783043
-236.87678746986091
288.15567440799333
-238.70659700853972
288.1556744079951
287.0232512968179
-212.08057449037585
287.02325129682134
-270.5933277355233
287.95787516405477
-214.7802090543186
256.3018670232465
279.36396341771723
279.3639634177289
278.3029930596653
-224.861845691941
287.94614019004496
260.8244683397834
-231.12884488221124
258.8018077391287
274.7124874529084
266.2976883910989
287.90906399788076
-259.4716938087662
228.73223463072043
278.4892614044014
247.42510085859232
287.1359223416644
-213.49902624839814
287.9339935125086
269.39909195962247
-216.50804290694265
268.720484631719
271.158792621272
278.5632144920305
287.68386523947015
278.6707063235882
-221.83923723509145
287.65020586044693
259.4216201507557
287.70012207293865
287.0760972025893
-217.18673579045836
287.93399351250565
276.7591057451649
279.36396341772
288.1556744079924
288.15567440799424
288.1556744079926
288.1556744079912
286.53635693494516
286.609194289528
286.60919428952735
285.7959824754571
287.7831054782601
286.6091942895265
277.25255666161604
286.6091942895285
286.60919428952457
280.8153931763556
-212.3184965930144
276.2159940445666
-213.8726627184104
286.77037120994186
-216.70471133032004
287.90268548356386
286.609194289527
257.1307210638618
286.6091942895263
-205.1300957719669
252.53877248772721
-203.57260039014892
-214.70861585394363
267.45056290999753
259.6129390747496
253.00325929435692
278.7844199091536
275.35609664351125
-215.45473825264537
-222.1058555717143
287.3830166611756
284.5466006809432
275.6182380773358
-205.1300957719667
288.1556744079924
275.26572273762224
-216.7047113303238
287.9026854835614
276.73020946043
287.82371649270175
274.9591865881945
286.7348570646954
-216.67082299969687
265.36235990281574
-205.1300957719667
-212.08057449037602
287.70012207293587
259.31737804001455
-205.13009577196684
266.5279149409728
278.1599803803215
-201.86532911756177
286.1076239138581
-216.70471133031748
279.3639634177031
285.43453007653386
-246.41517558430115
287.9026854835594
278.9521505903188
273.00745991773795
267.26901886260123
-201.86532911756154
287.9339935125062
-215.82050830579587
285.2711773792795
-216.70471133031623
-205.12074992102336
-233.45670226311552
276.4535037771773
265.55596838617885
285.53452155410986
267.27748555167454
275.5723087841169
268.53301552984067
276.1774004868829
286.38977673856937
-210.71256181787786
-226.51182724247414
286.5803373181951
275.07752771040936
-203.57260039014878
-219.13079296689267
279.36396341771047
276.32736673852787
275.8971192306642
284.2493587176607
266.4688013649219
274.9276500162938
-215.58023120594862
288.1556744079896
-215.86467878124193
-223.8050501038685
288.18413601735267
275.10933385645217
269.13998702083853
-217.4660684515349
260.2066651523463
-216.67082299970053
239.88963961702206
-214.93112508881475
277.5165600555563
279.8057670167185
-214.9311250888129
210.4163059330977
285.3443510895819
-214.93112508881427
279.1716489387125
-217.87618466511708
277.7477881940806
-203.65102830561042
268.9539700168188
-216.58800050948128
287.4820464381714
-216.3076700308544
-211.8699396700335
-228.93436846213922
268.31275756761187
286.1826073484609
-216.3076700308494
277.1287972004345
-216.30767003085325
-216.30767003085037
-211.86993967003562
263.4537861972214
279.76634935812166
284.2493587176646
-201.8653291175616
287.2197004581571
278.1934678851797
-201.86532911756166
266.47989947026656
285.3554242250539
285.46718071092926
-203.57260039014847
287.24038061639027
285.35084811218496
285.75481736767
285.43827260902935
285.3554242250486
285.4382726090302
275.3652302448278
-214.3670930778743
276.61014838940565
266.2941059483475
285.7493158955957
-214.65958231515518
287.24951333049756
285.355424225051
-214.36709307787905
-212.04573428394514
-214.66651656179903
-210.77284846296317
276.7027930116601
-211.18371261683583
287.6438213317085
286.1024978048424
-201.86532911756166
279.0454397144588
285.3554242250527
-203.65102830561025
287.8106298369537
-216.70471133032333
-215.15532172563687
-203.65102830560932
287.68386523945674
-203.57260039014844
-212.11750814205286
288.2322682696586
-214.9311250888136
274.5817959087817
285.4345300765301
-214.6595823151534
287.76997167887885
285.30343255813585
-215.1741482958433
256.5724931875183
285.35542422504614
286.77037120993685
259.2730075640332
-214.05449172165314
-212.77210225149682
287.9090639978754
285.4232091671793
285.3554242250517
285.3449280549331
279.54620940142024
277.2669186736372
-201.86532911756154
287.68386523945526
-207.84111982337888
288.2322682696571
-215.45601203855801
287.7699716788736
285.355424225045
-212.8812361664776
276.2382199930735
285.0534760185157
216.976822238033
285.35542422504574
287.2403806163852
-214.65958231515506
-214.3670930778787
287.90906399787644
287.76997167887964
285.0273313464136
285.3554242250522
-236.52556950166752
-215.02553539015943
287.68386523945577
-203.65102830560983
-203.65102830561182
-203.65102830561108
-203.6510283056109
-203.65102830560937
-203.65102830561108
-203.65102830561082
-203.65102830560977
-203.65102830561065
277.61327596182474
-215.62598779627515
287.75442903760154
286.99767916480465
288.1291670560311
286.6878180110947
278.8226778115321
279.61622271532656
287.39929926755536
-216.11723523471616
-211.74441258781576
288.12916705603186
287.1340906825251
-236.0635821633795
-212.7792580135693
-210.81063641644388
-209.79942449707892
-216.0408524937566
287.6160223489785
269.9164017194885
-222.2094529775881
288.1291670560289
286.77123747833923
271.1372913750259
288.0854217313602
266.37878901837234
-257.13983846888465
288.12916705603163
-243.5795307530268
-216.33869102654592
288.12916705603214
-213.96251164587682
-215.6981031699065
-215.32218869446734
-218.6420871727193
-215.3221886944574
-213.61046097876178
288.1291670560327
287.3288902425494
-205.1077510497489
277.2380101517727
-203.65102830561042
-203.6510283056111
-203.65102830561082
-203.6510283056106
-221.42097536190462
-212.58079902411924
288.0854217313567
279.6048382198901
286.89249284816196
278.1822477779235
287.3135056733867
286.2919185131558
275.31693652483983
279.60483821989004
279.60483821988737
278.175125988459
279.6048382198998
279.6533611309053
-221.57507970761623
282.88480942773737
-222.67978963421692
-215.3221886944444
-215.73182087747364
287.41850062627145
279.00738589945854
-222.0703086243815
287.8995608699341
-221.25738184563656
-219.37524592043337
287.89956086993465
269.3999164347474
248.13943811050245
-214.09156485748383
-222.60441409172873
287.89956086993584
-212.98527639045764
287.8111108243634
-215.62598779626683
288.0854217313565
287.2567734605838
-211.77515886148475
286.5032114394694
-222.19984108198665
287.8995608699329
-214.09156485747798
287.811110824361
-227.4377734047561
267.9738549352342
287.2671187320135
257.93781110987004
-203.6510283056105
-203.6510283056098
-203.6510283056104
287.1905311446714
-240.9804666402451
-215.97961313450307
288.12916705602953
-215.20834432463744
277.61327596181087
267.9606439955768
285.42788677916803
-222.39412869741372
278.76450861204205
-205.10775104974948
-215.3221886944584
-215.3221886944574
-214.08097742136354
-209.79942449708022
-215.73182087746366
288.12916705603055
286.71353587847574
-201.86532911756143
-215.3221886944545
-222.0044098782405
-213.88264164177514
287.749620555858
-223.13740146249796
-212.7792580135667
288.12916705603084
280.10207766320787
287.39534268786105
269.5325238291543
-215.6259877962727
-218.683461031381
285.5699078817859
287.43020500473017
-216.2461942765421
287.592599668865
-203.6510283056098
-220.2154886559723
-225.6874717510632
287.330594375569
286.5224227067488
286.5794427895938
-218.19976935782543
287.45152935258545
286.52242270675174
-213.7967534045041
287.64394428051634
286.52242270675094
-203.65102830561082
286.7412738709864
285.48671230571694
287.38319881120736
277.2960119086154
277.2960119086069
-213.79675340450498
258.87403256484777
275.4215102385061
279.58418367277153
286.50114338895384
-215.04085852229676
287.81111082435837
279.436818543025
-213.82053728044366
-211.44763502233394
287.8995608699354
-241.98598282384762
-213.73362854556407
-215.93961125581944
-213.58992969923153
278.6645461732925
269.9452893726044
284.2812081181289
-213.90674572984736
287.4185006262663
-241.99839508625368
267.9381046255046
287.4881831710782
277.546035388884
287.488183171075
-206.43011577653462
287.8995608699314
287.4881831710738
256.29074316400596
-212.47507520418304
287.8995608699293
287.4881831710768
287.2332065301622
287.4515293525861
287.4515293525797
270.80753706594254
-235.44550619809587
254.62763117527152
287.4515293525869
287.4899997206852
-222.29693885306807
-213.78502361068726
-218.18472375111895
-203.65102830561
-203.65102830561074
270.5305984062451
286.58236302648635
271.3484662924913
234.01851223684974
277.53161738803124
-215.30423432424973
287.7016042552328
-214.039147166162
287.8111108243564
269.3077560531849
-214.19311985813863
-213.2161533589437
266.8467947236704
275.0955007690999
-228.0143403672612
-211.78336408998712
287.811110824361
-214.2028320080898
-215.662628638917
-203.65102830561077
287.8995608699294
286.27182407837375
-224.79211224505912
287.5556686157874
-230.83784970139936
258.64928851928863
254.04488169514386
-224.62477038833396
288.1291670560269
270.5133155398807
280.03160539580927
-239.5367880258293
276.8371243124359
-212.98527639045975
-213.2161533589458
272.3512310668468
272.7036904110888
275.46679154601975
-210.99149010700677
-209.79942449708136
286.99138320863216
-226.94113116983536
-212.56785856117693
-233.30625080300092
257.34643923566324
-232.01346349758415
279.1788278750487
287.1197902095867
275.47595787753284
-203.65102830560951
287.81111082435643
287.81111082435694
287.81111082435734
-223.1117916619603
287.8111108243557
278.25926513544937
270.7092200019189
183.837431805419
-213.7128794712986
-203.65102830561082
-213.23092770839415
278.4024489544616
-239.6920119319148
-212.38616498902329
287.6126836413258
-213.50616077301274
287.6974282526728
287.3020880884775
287.6974282526672
-248.32729055796148
-212.61710727074214
287.7325939139872
-213.50616077301473
-215.4055781350374
-203.65102830561068
287.6974282526705
-229.92897794497514
265.08431368184375
-213.5061607730156
287.69742825266786
-213.87579292111508
287.697428252675
257.51521537889
284.5787495935812
-214.26726465830512
287.69742825267065
-201.86532911756134
287.69742825267406
286.76092596923866
-214.07718328588032
287.8262052293226
-213.87579292111934
-216.74526106394904
287.64043418329845
286.13958603856173
-213.875792921118
287.82620522932234
-205.10775104974965
287.81756168525203
-203.65102830561065
-215.97961313451407
267.98470269225083
-222.76426458137973
280.1172602410662
-213.50616077301675
-214.98939365842486
287.8617117601404
285.2325696550158
-213.99501257154643
-203.65102830561202
277.99881997018804
287.1398036361479
277.84989265555686
286.27182407837324
-201.86532911756137
286.5473615569183
283.990141057573
-213.87579292111351
275.7334573824882
286.2718240783745
-213.87579292111903
287.697428252672
277.5057618679964
-213.8757929211178
286.9895989483754
-213.87579292111707
-214.27037065660252
287.6974282526671
-214.3437429588723
276.6080218178072
-213.87579292111675
-213.06087297789895
-211.4476350223415
287.2454744953718
-201.86532911756132
-208.6806541635826
287.89294830905214
266.4225040034429
278.6341437576136
286.2718240783723
-213.8757929211149
287.8262052293243
-206.39421039070731
287.8262052293255
279.5816073780011
286.968142987767
-213.87579292111934
-214.22948114705
287.8280111213841
-203.65102830561102
287.64394428050866
276.3848463866779
-213.87579292111593
287.43740698096605
-203.57260039014832
-213.4677537792804
-203.65102830561116
264.769699998391
287.25638187254145
286.76092596923155
287.36520767323003
-213.87579292111437
-213.87579292111621
287.6974282526691
279.54295236789204
-214.9045333355169
287.4374069809684
-213.8757929211202
287.4374069809663
287.36520767323225
-213.87579292112136
287.43740698096843
287.2897410953009
-213.87579292111877
-211.44763502234065
287.4374069809665
274.98926566757484
287.2897410953031
279.68633097307617
-213.87579292112133
274.8654236594921
-213.87579292112372
287.8262052293208
-213.87579292111715
287.8262052293197
287.5353648629144
-213.87579292112096
-211.44763502234477
287.8262052293177
-213.70610346143079
-213.08977322388935
287.80454157703304
-201.86532911756106
264.2833782629128
286.96814298777133
-205.10775104974937
287.8421410885139
276.95769927275126
287.09876301738313
-203.65102830561142
287.82620522931745
278.27321486118365
287.29423569775855
286.79814760780874
283.954157291094
-210.991490107011
-211.4476350223425
287.3915042172727
280.1742765638806
278.54238235222215
287.43740698096605
279.5429523678808
-213.87579292111943
-214.2672646583081
287.43740698096474
287.23320653015713
277.97858987025774
-213.87579292111843
287.6974282526635
286.7609259692307
284.1428042575309
-213.20185239219018
287.82620522931774
286.52018487754685
-213.87579292111707
287.8262052293178
275.6450531961343
-213.17034524771918
287.36520767323003
-213.87579292111263
287.12673571734
286.7981476078077
-217.4540888356498
287.43740698096457
287.42944226191537
280.1742765638831
-217.3577371596306
287.4374069809673
226.23526535769918
-307.24907094676666
286.48144349000995
280.4374424852817
-214.34374295887474
287.82620522932
-214.34374295886818
-212.77925801357873
276.8017633515165
-236.20931899925571
275.3308337425725
-203.65102830561187
-215.97961313451546
287.4374069809648
279.51468248408884
-213.87579292111553
287.4374069809624
-213.24953643951153
-214.9566712545267
-224.06257509553177
-211.68387180342916
287.4374069809647
-213.81027728197705
-203.65102830561153
287.437406980962
286.7981476078037
-213.8757929211174
-212.73553135503903
287.82620522932086
277.68219301369356
286.41050896715507
-213.87579292112002
286.9895989483787
-213.8757929211201
-208.65504107023892
-222.6118715428966
287.82620522931353
276.7180459414624
-221.61009080894834
287.8262052293164
-213.87579292111704
287.88541521050666
277.870001220651
-205.1077510497507
-218.40178952315296
287.8262052293156
279.44617654383137
286.7981476078014
-213.8757929211243
287.3093648986976
-217.35773715963546
278.9931977834363
-213.62915813958523
287.82620522931745
279.5816073779794
-220.82460214870702
287.826205229313
279.9271516830966
286.79814760780386
286.79814760780715
287.3692981232548
-203.65102830561025
-201.86532911756098
-214.08097742137608
287.43740698096485
-214.2672646583042
277.37553904828656
-213.87579292112093
287.2897410953007
-213.87579292112196
286.7609259692286
-213.8757929211183
287.36520767322355
-213.87579292112537
287.4374069809674
286.2718240783697
-214.74959279690404
287.79201613887363
-251.99514405686517
287.43740698095877
278.65780037924856
287.3020880884656
-213.6291581395781
-212.660049968083
287.4374069809603
286.79814760780414
286.7981476077976
286.7981476078018
286.27182407836824
287.2332065301527
286.7981476078048
286.79814760780044
286.79814760779567
257.6814067054426
286.79814760780044
-205.10775104975036
-213.64348358935294
287.43740698096144
-205.1077510497495
286.79814760780255
-213.77440859393252
287.43740698096116
276.95442184032396
287.31350567337023
276.8881162056758
287.2671187320068
-213.7059556692601
238.3116677778793
-227.49136020565643
287.8584833870995
286.30213836377345
-234.0691982488864
-237.01622539205772
268.2452564702129
-214.1489306687469
-212.56259301904083
271.67143627623204
-213.87579292112565
274.80602692884895
286.76092596922666
266.7305718473097
287.2089473225474
-214.51498713892298
-212.56785856118398
287.69742825266064
286.7981476077996
265.2561797726522
274.2611657524023
286.7981476077981
286.79814760779954
286.7981476078003
278.9385592383959
286.79814760780266
-214.3580040383927
287.3196392259968
286.90278948163876
287.0938780639703
286.7981476077957
276.97305241112355
286.859974299241
286.79814760779647
283.7109855101435
287.24448503323487
287.2332065301501
286.7981476077991
-226.17873933527724
287.8929483090464
286.7981476078003
287.1005945450507
-201.86532911756078
256.23536879388763
286.7981476077981
286.7981476078023
286.7981476077957
273.4197753207421
286.3951436885446
-225.19361885842966
284.1800853453632
-214.1211685977911
-212.62677850090103
287.63521369386564
-203.65102830561264
-201.8653291175608
284.4762144223067
286.7655363269148
287.302088088462
286.7981476077959
276.8005980300446
-224.657359587313
-209.79942449709162
287.72096946019263
286.79814760780096
277.2114995127751
286.7981476077994
287.08527501369554
285.4099032031939
286.45465407379686
286.7981476078017
-205.1077510497507
276.3455311350957
286.42645113892513
286.48424543107956
-229.40407304300095
287.1267357173332
-205.1077510497509
287.12673571733524
286.798147607798
286.7981476077965
286.79814760780016
-225.23683719947815
-226.93919907388715
271.1437197004231
223.88968673267766
224.79496349665737
286.7981476077977
275.214450530983
254.8914758751381
286.79814760780124
-252.45940789815782
-213.12922798940784
284.2117553037036
287.09924441116715
286.7981476078006
273.25683760923664
286.7981476078005
286.27182407836904
286.45465407379356
-205.10775104975002
287.6424599742354
-215.55065910407637
273.9729833360809
-203.6510283056121
-214.98939365844512
-216.56142281017725
-203.65102830561221
287.3874538778608
274.4705362032633
286.79814760779664
277.0676110553918
276.4034200906696
263.2353733019813
-205.1077510497513
287.72096946019053
-215.40801121432656
286.79814760779806
-240.9917846872462
-279.4814242807006
286.58390642591945
286.7981476077987
286.7981476077979
286.88338054535154
286.79814760779567
284.7127070909794
-214.15724414429633
233.10991180959417
-205.10775104975082
277.12888170220776
-213.4832779229097
-212.20507117017758
-264.39445658705085
263.75928306863113
286.79814760779624
286.7981476077966
286.7981476077979
-201.8653291175607
236.99780536319986
286.87503506641053
-244.0944684029733
287.512125580432
287.09924441116846
-205.1077510497506
271.5894113401683
287.0938780639717
-205.10775104975008
278.5664221561327
286.7981476077983
-222.7891931299185
-212.82616146264115
287.76594280569947
287.0939998732724
286.7981476078018
-203.65102830561156
-215.73182087746994
258.4310651554268
-205.1077510497504
266.2102992792515
286.7981476077933
287.16768284316703
-214.8528487305826
271.9767299670736
286.7981476077925
286.7981476077986
274.4180930829519
287.53536486291245
286.7981476077983
287.0938780639711
-213.10429703202055
-223.8559847270085
-203.65102830561142
275.88397411239373
286.79814760780005
277.12532263382406
239.45147067883397
-201.86532911756075
269.069263428699
-128.02433700540794
-206.39421039071135
194.01467594245048
-227.66624049117377
-213.95497190884606
285.99539175786987
248.7175467378052
231.61721961029662
286.1167951716899
287.57941129605257
287.15655334236783
263.48488466343065
256.6223207120813
270.69369100989127
251.8940853671778
-213.23095530058134
263.04598723522037
213.42677994659664
254.9976674470721
-201.86532911756075
287.82593790630824
-292.3474611719371
284.60866327420894
275.4799524441497
275.5856481139366
-249.03582772063848
-203.65102830561153
-213.23266132309686
-212.53019195142028
-209.79942449708997
287.9208703501733
287.5024765129054
286.85585365707936
287.09387806396984
287.09387806397154
286.52973603959845
287.09387806397086
286.7609259692231
286.47982779541167
287.0938780639742
286.33298587707566
287.09387806397086
287.09387806397103
286.73573321821937
287.0938780639687
287.0938780639684
287.09387806396956
287.1005945450437
286.48424543107643
274.63598292865987
287.0938780639707
-213.23446367308858
-228.1441244311018
287.8141252056868
284.6353221980399
287.0938780639714
287.5157201106717
286.93966242018183
287.0838440008433
287.09387806397126
287.09387806397257
286.7655363269083
-213.16930066365757
286.65583630605687
274.3938819282071
287.4963538093641
212.94122947649694
286.49525718007027
-205.1077510497516
287.1267357173312
-201.8653291175607
287.3288902425278
287.1676828431653
-213.2018523922054
287.12673571732796
287.2185284238813
-203.65102830561145
284.60866327420143
-201.8653291175612
287.8175616852382
287.0938780639713
287.0938780639671
-201.86532911756083
287.699562341646
-212.85886977590258
268.80554555620347
287.38745387785576
254.9102322866396
-213.0905303211316
287.12673571733154
237.75853090455354
287.16768284316424
-214.1493496104689
-255.9097802408128
-211.44763502235332
287.4007371022331
-201.8653291175607
287.8626685628368
-205.10775104975082
-206.3425093764125
260.83432731472567
264.1532928494269
-221.8375267970349
287.1267357173325
287.0938780639738
287.16768284316817
287.16768284316373
258.5134789852671
-205.107751049751
-216.09249454396746
260.8691147612503
287.0938780639708
287.1676828431603
287.16768284316623
263.0039938638484
286.7981476077949
287.167682843164
287.09876301737
-201.86532911756066
286.8376751588598
287.16768284316686
286.88269325889394
287.0938780639674
287.2307135095989
-201.8653291175608
287.81111082433614
-203.65102830561258
284.60866327420973
287.09387806396813
277.38495607878457
286.79814760779345
287.10059454503744
286.7981476077911
-201.86532911756086
287.92087035016664
279.0360003818637
287.09387806396677
287.0938780639677
287.09387806396376
-214.34938497468104
287.7355289089481
286.8742216794285
286.79814760779124
287.1676828431569
266.2236819951025
-225.26448512813792
-222.17278829248698
278.19221748927777
287.3288902425261
286.4067970351279
286.7981476077955
286.7981476077916
-201.86532911756063
-212.7792580135893
-212.96552403870027
287.7355289089472
270.9832828120424
287.1676828431608
275.299561020253
257.8975074409335
287.0938780639673
286.3021383637606
286.3021383637621
287.0938780639649
287.1267357173312
287.0938780639669
287.51572011066446
287.1676828431572
287.5157201106631
287.515720110663
285.40990320319304
263.89089383583365
287.32889024252455
-201.86532911756072
287.03224305536025
287.0773222521442
-203.65102830561167
-212.66896636316267
287.8175616852321
286.7609259692157
287.29662806047446
-205.10775104975144
287.8280111213685
287.3288902425298
287.4020887086438
287.09387806396586
287.118872410439
-205.10775104975122
287.6995623416459
287.09387806396336
287.09387806396643
287.09387806396535
286.7981476077908
286.79814760779817
287.2759858355122
287.16768284315975
-201.86532911756063
287.76594280569594
287.1676828431594
287.31350567335613
-205.1077510497519
287.82801112136974
283.65710945315413
286.7609259692104
287.5779011680543
279.4566381318028
-205.10775104975193
-215.1522851066531
286.15123785431854
286.76553632690263
-212.77513318296792
274.74383572742954
287.2493306300038
287.1676828431596
269.6311234334357
-206.39421039071175
287.00349016801255
287.1676828431599
287.16768284315856
287.68571860654106
287.2671187319905
-213.20185239221274
287.82801112137145
287.16768284316174
286.8565548326111
-201.86532911756103
-203.6510283056122
-203.65102830561165
287.82801112137014
287.32889024252603
-214.876894836056
287.8549476262652
-205.1077510497521
287.828011121367
286.79814760779163
278.6478299028573
286.82786764069607
-213.79675340452536
-212.17198887863236
287.7029215023038
287.2671187319868
286.1757864077333
287.16768284315907
286.79814760778504
287.1267357173278
-205.10775104975158
287.12673571732626
287.184257693782
280.10198100255286
287.09387806396666
-223.0213825882915
287.1267357173323
286.7981476077886
286.7981476077865
286.7981476077876
287.3135056733515
286.7981476077904
286.30213836376254
-213.20185239221064
287.3262580867191
-201.86532911756058
287.00485113548825
-239.52742941757268
-212.3469642550888
287.7381485484085
287.16768284316294
-212.966291551955
287.0987630173622
-201.8653291175607
-206.3425093764121
287.6352136938532
-201.86532911756046
287.38745387784815
286.7655363269059
287.16768284315515
286.798147607791
-203.65102830561196
287.1267357173298
286.7981476077848
287.0852750136899
286.8742216794211
286.7981476077924
-203.51922885137284
-212.38553719206323
-214.82445980815356
286.79814760778555
286.50321143944524
-205.1077510497518
287.15254498647124
279.17924733642695
286.76553632690315
286.51325970022583
-207.7664094912267
287.1585945554452
286.7981476077935
287.3288902425251
287.0992444111581
285.6866500494836
286.7981476077864
-205.10775104975224
287.12673571732455
286.4798277954037
-213.52524403780555
287.8280111213678
-212.63345441183134
-208.6550410702431
285.8588852154184
287.445586514337
286.76553632690093
286.48370226169527
287.126735717327
286.116795171678
287.09387806396
286.79814760778055
279.2070412804897
286.7981476077856
-213.79675340453386
-212.66896636316145
287.56583142500267
286.79814760778686
286.4858420872429
287.16768284315316
278.5316218163315
287.32889024252495
-213.7967534045295
286.9302158502513
-203.65102830561221
-215.53450774419431
-213.45715103038572
286.87550190639325
287.0938780639637
286.7981476077879
277.70332421732417
286.7981476077868
275.7872442597721
-205.10775104975173
287.337198224177
283.65726141117915
287.5533192329511
284.3893044722514
-213.52967994576787
287.12673571732324
286.8599742992208
287.387453877846
278.7105839693936
286.7981476077858
-205.1077510497518
287.12673571732626
-207.76640949122913
287.1267357173217
287.1267357173266
286.79814760778396
286.7981476077864
286.798147607788
-212.85886977590977
287.1267357173215
287.3135056733521
286.7981476077853
286.7981476077903
286.79814760778754
286.7981476077848
286.6852482405801
287.1711498664097
286.30213836375816
286.76092596920734
286.7981476077847
287.38745387784473
286.798147607784
286.4732585450149
-214.1572441443123
-212.6993853373873
287.1267357173292
287.09924441115874
287.3288902425205
-213.79675340453412
272.41355001455656
-203.65102830561167
-213.49159187238365
287.2942356977442
287.0938780639583
287.29423569774065
-213.5296799457694
287.12673571732466
287.093878063965
287.09387806396177
286.87422167941435
286.7981476077853
-213.15030252781312
287.12673571732427
286.76092596920745
287.0992444111521
286.79814760778515
286.76092596920176
278.65940110957496
-201.8653291175603
-203.65102830561102
274.73177452523043
-213.79675340453156
286.00814972546874
287.1267357173225
286.79814760778584
286.7981476077804
286.79814760778584
-214.15724414431196
287.1267357173196
287.2942356977396
-206.5572983973472
280.1180680442803
-205.10775104975147
287.60755747717985
-205.10775104975212
-212.63345441183066
-203.65102830561236
-201.8653291175607
285.6363450485328
-201.86532911756044
287.1267357173213
286.30213836375697
287.12673571731995
286.7981476077846
287.2671187319834
287.32889024252137
286.7981476077868
287.31350567335073
-212.20507117019343
287.12673571732563
-203.65102830561182
-215.9796131345284
-215.95766628968968
287.8111108243328
-207.7664094912269
287.12673571732984
287.3135056733474
287.16942983865215
286.7981476077807
287.09924441115413
287.2224259029722
287.3135056733445
287.0938780639606
286.7981476077851
287.1694298386486
286.4400742108106
286.4240754126206
286.7981476077844
-206.34250937641283
287.1267357173248
274.5035522557267
-205.10775104975204
287.12906663742723
286.7981476077825
286.79814760778066
-201.86532911756055
287.126735717319
-205.10775104975207
287.1267357173252
287.294235697741
286.79814760778453
286.7655363268886
286.7981476077799
-213.7059556692757
287.03224305536213
-213.52967994576926
287.1267357173272
286.4524885297899
287.2671187319815
286.85655483260604
266.9687887420065
273.51994440212144
-205.1077510497524
287.12673571732694
286.7981476077847
286.79814760777987
-212.46071373915507
283.93164117539175
287.2297717778801
286.4837022616846
-203.65102830561173
-216.48116146660533
287.738148548406
287.0938780639599
287.1715775706668
-206.39421039071465
287.8783908587468
286.79814760778
276.85302512048355
275.2005861821321
286.80318916007997
286.79814760778635
287.55331923294654
286.9098992609448
280.6182866391129
287.16768284315384
269.86822548721733
286.7981476077817
286.4240754126178
286.79814760778186
286.79814760777674
286.79814760777697
287.19046078867393
286.7849556012781
287.38745387783877
286.48370226168026
-205.10775104975306
287.1753184201607
-201.8653291175604
287.6461789379385
286.26782431677447
-206.43011577654002
286.9000687524303
286.79814760778237
286.78495560127766
272.70873534645114
-213.13956048642217
-209.7994244970992
287.82801112136303
287.45152935254896
287.32889024251864
276.8530251204824
287.16768284314884
287.4195258064191
287.5353648628885
287.167682843145
286.7981476077822
285.3998372302121
287.1676828431501
-201.8653291175605
-203.65102830561236
-215.9796131345468
-215.97961313453663
287.8280111213614
283.7777073299328
-213.5296799457735
286.6471616642615
286.7981476077783
-213.20185239222076
287.828011121362
-212.83139520960538
287.12673571732455
286.79814760777896
-205.10775104975298
-203.65102830561173
287.8138543065292
286.79814760777543
287.26711873198064
286.4837022616879
286.7981476077845
287.267118731978
-201.8653291175603
287.1192672789424
287.16942983863885
-201.86532911756052
-225.6667818554894
287.8929483090221
286.79814760777884
286.8742216794083
286.79814760777685
-210.0097834368193
287.5565937598358
-201.8653291175606
287.7904023493833
286.11679517166783
-205.1077510497526
-212.95460642162809
287.1192672789467
-207.97053360096177
287.12673571732176
-201.86532911756063
-212.20507117019386
287.1503532094249
-201.8653291175605
286.8678628779073
286.7981476077766
-205.10775104975386
287.1267357173219
287.167682843149
287.13980363611626
-205.10775104975383
285.64967262889513
274.72748200463565
-201.86532911756038
287.1267357173229
286.99138320859083
286.8742216794064
-205.1077510497531
275.78679321201025
287.2942356977346
287.2942356977355
287.2942356977342
-224.5052286918836
275.7546788996542
286.30213836375594
286.7981476077768
286.79814760777697
287.267118731976
287.184257693776
-228.38639831258433
287.1267357173242
287.2912136212473
286.3021383637463
286.7981476077737
286.9027894816123
286.79814760777754
-213.70595566928043
287.119267278946
286.91486907247014
286.79814760777475
287.04720647599225
-213.52967994577617
287.1192672789418
274.4960087076884
286.79814760777856
287.12673571731676
287.19046078866836
287.16768284314736
287.3874538778367
287.1676828431415
-213.3871092760959
286.8031891600866
286.79814760778
287.1676828431463
287.1676828431487
286.30213836375356
287.167682843146
286.7655363268845
287.29423569773684
286.79814760777793
-203.65102830561227
-215.15228510667086
287.55458222762167
286.76092596919926
286.76092596920233
287.57941129603904
286.7981476077795
-227.15225881609976
287.8280111213618
286.7981476077771
286.7981476077797
-201.8653291175602
287.82801112136036
286.79814760777975
286.8742216794067
286.7981476077788
286.79814760777987
285.500456672138
286.7981476077771
-213.14506785815294
287.8280111213567
286.79814760777595
286.7981476077797
285.37276190642723
278.6244744742965
286.76553632688234
286.7935077157306
-213.18421350290473
287.11926727894695
287.16768284314736
287.16768284314594
286.4044830672785
-213.70595566927648
287.26711873197456
287.13980363611734
286.7981476077766
286.30213836374804
-214.31382179703132
287.60755747717326
286.30213836374213
287.23320653012
286.42407541261207
286.7981476077761
286.7981476077762
287.1676828431488
286.30213836374236
287.29423569773223
286.71965474667707
286.8742216794051
-217.35773715965158
-203.65102830561204
286.5489719429438
-213.18435796397247
287.81412520566363
287.57941129603216
287.2671187319752
287.55268964941797
286.79814760777435
286.7981476077775
-213.70595566928708
287.36270037632744
286.7981476077741
286.7981476077693
286.88338054532693
287.16942983864345
286.79814760777896
286.79814760777424
286.79814760777845
-213.24953643954393
287.1267357173187
287.12673571732074
286.79814760778055
-216.9805464823349
287.8280111213532
-213.20185239222553
287.82801112135394
-213.5296799457782
287.11926727894183
286.7981476077758
286.798147607779
286.7981476077769
286.42407541261525
-206.5572983973511
-212.26447109106516
-213.46823586301133
275.06697427152676
286.7981476077742
286.7655363268825
286.7981476077756
-217.1539916157831
285.2428932245726
286.79814760777396
-212.88536335237183
287.60755747717104
286.7981476077756
287.16768284315003
-213.23095530059175
287.77291553934583
286.7909507132503
287.1676828431467
-203.6510283056116
247.44444303617587
285.9725939179182
287.1676828431469
-201.8653291175605
285.96372826809795
286.79095071325116
-213.52967994577824
287.73452439729016
286.79814760777265
286.798147607774
286.7981476077773
-201.86532911756024
287.56583142498766
284.38930447224425
287.16768284314253
286.7981476077743
287.1398036361143
287.1676828431486
286.3021383637419
276.86949618022055
284.3893044722371
286.7981476077756
287.1676828431447
287.16768284314804
286.392736270459
286.76553632687967
286.79814760777936
287.16768284314344
285.3439436953957
286.7981476077706
287.2332065301197
-201.8653291175602
287.1267357173189
-205.10775104975377
286.9027894816097
287.16768284315003
286.3021383637467
287.16768284314526
287.1676828431454
286.79814760777685
286.78495560127743
286.7981476077709
287.1676828431456
286.79814760777435
287.01219544307713
287.23320653011837
287.16768284314225
286.424075412611
287.16768284314463
-203.6510283056108
-215.1522851066685
287.8280111213549
287.16768284315026
-213.18319429202447
287.8280111213533
-212.98780455692852
286.9600349457336
286.7849556012715
286.7981476077762
286.7981476077719
286.79814760777447
286.79814760777344
286.79814760777276
286.76092596919403
286.79814760777623
286.79814760777367
-213.06988646905194
287.76594280568173
286.79095071324815
-214.1572441443315
286.98080221266656
286.79814760777384
-213.5296799457802
287.8280111213566
287.1676828431465
-213.1503025278273
287.81756168521343
286.4240754126112
275.0999546317364
277.0565398639311
-213.20185239222596
287.7355289089343
286.8742216794021
287.09924441114117
286.87422167940247
-213.16930066368332
287.828011121354
286.79814760777316
-205.10775104975394
287.8280111213514
287.16768284314537
287.1676828431445
287.1676828431438
287.16768284315015
286.7849556012723
287.25978946283766
285.3998372302148
286.7981476077715
287.1676828431518
-203.65102830561173
287.82801112135684
287.16768284314713
-213.20185239222448
287.82801112135144
287.0992444111379
287.0938780639501
-214.15724414433083
287.69956234162953
286.8549321418425
286.79814760777543
286.7609259691902
286.79814760777225
286.4861589978941
287.828011121354
286.7981476077661
286.7981476077737
286.83039001777064
287.2671187319725
287.169429838637
286.79814760777026
287.09387806394625
286.26053806480866
285.32315406826
286.7981476077754
-213.2018523922238
287.87383327010093
-205.10775104975332
-203.65102830561253
287.6995623416343
287.16768284314344
274.94973802942735
286.79814760776907
286.4757737088092
286.79814760777117
-213.16930066368536
-203.65102830561185
286.85493214184095
286.7981476077714
286.95909435760194
286.78430988489504
287.2942356977304
287.0380935048234
286.7981476077716
286.798147607774
287.167682843141
284.38930447224027
286.88338054531937
287.1676828431401
287.1676828431383
-205.10775104975417
-212.20507117020395
287.8280111213507
286.79814760776986
285.3727619064254
-209.32881594733453
-225.70388014285805
286.01783673295716
-213.2018523922253
286.86483990838303
286.7981476077728
286.7981476077713
286.42407541260235
286.4240754126071
286.7981476077691
285.3439436953915
285.3439436953867
286.7981476077725
287.3135056733337
286.87422167939934
286.7981476077731
286.79095071324923
287.169429838639
286.7981476077697
-201.86532911755995
287.82801112134825
286.79814760776856
-205.1077510497545
287.337198224163
285.3727619064296
287.16768284314315
286.96003494573125
286.7981476077742
287.10095077965633
287.82801112135087
276.85302512045905
286.7981476077723
286.79814760776844
284.7951456112479
-201.86532911756026
287.8280111213499
286.7981476077711
279.76397174084696
-213.52967994578412
287.82801112135024
286.7981476077668
286.30213836373974
286.79814760776935
-201.86532911756007
287.8280111213476
-203.65102830561088
-203.65102830561273
-214.3251946613584
-212.2050711702062
287.82801112134916
262.47750666262095
287.20758711125245
287.16768284314315
287.1676828431421
287.16768284313713
287.1676828431413
287.16768284314065
-212.8323171568597
287.8464466721875
286.85440394175095
287.16768284314315
286.85655483259194
287.13980363610415
287.4195258064086
286.51549662605794
287.13980363610864
287.15154315356756
286.88338054532284
-220.65782745164896
287.556593759826
285.37276190643155
285.2794228937863
-215.93614673983717
287.81756168520553
286.79814760776947
285.72276845242914
286.798147607766
287.29423569772433
285.8285265356843
286.7981476077642
286.79814760776554
284.38455407759506
286.79814760776986
286.7981476077677
-213.52967994578353
287.8175616852083
-201.86532911756012
285.6712648455048
286.7981476077671
286.79814760776554
286.79814760776975
286.79814760776776
286.89901894567595
287.16768284313844
287.1676828431379
-203.65102830561187
-203.65102830561185
-220.85675520410746
-216.3456298948794
-212.17198887865104
284.8991055129909
287.16768284313974
286.8565548325921
285.6726265569193
284.82927101897434
273.83629461804594
287.1676828431417
271.63284152382164
-215.6412129364294
286.0689654004966
287.48538407380505
287.16768284313815
-212.85886977592477
287.8280111213479
287.1676828431423
285.0943251453837
287.167682843137
287.0121954430671
-205.10775104975423
-218.04248806930283
269.4020698721328
287.16768284314185
287.133395243637
286.8031891600741
287.16768284313935
287.8464466721857
287.16768284314145
286.72710327020457
263.8174077507231
286.8990189456734
287.8280111213483
287.0852750136627
286.6720812644616
287.1676828431373
286.06893752652786
-201.86532911756
287.5658314249854
287.16768284313696
276.2977939897352
286.4718401130551
287.57941129602557
287.16768284314
-225.4562124139937
286.92648112661095
287.0121954430694
-203.65102830561312
-203.65102830561307
287.8108433760599
286.6091942895017
-211.0510776252414
287.66647695310166
-218.80177488507312
287.66647695310587
285.6507642916379
285.65076429163895
276.04989768094214
-201.86532911755992
286.41290342285464
285.7375454480041
286.7348570646773
267.42488269146793
266.29915669025024
286.73485706467534
271.19540651010936
-216.25163652351569
-210.77284846303212
287.6882082993072
286.6091942894999
286.73388223602336
284.675058756979
-217.41885750735156
287.34709667173667
285.77675839210553
284.51744507611505
286.5670523845986
286.4403112568259
286.7338822360249
283.7690978289973
274.2083058311844
287.26938608618315
-216.14098842690868
-227.22094692296503
275.37976906883796
274.2083058311991
-218.66952284346564
-212.65290332825833
287.9160891442549
-218.70580944838127
287.5699764772708
266.4499522278278
286.60919428950183
-205.13009577196368
287.93072408697304
277.977895889564
278.1129933199188
287.3470966717367
270.1265153251714
-215.00662888787951
287.34709667173496
286.1653813074114
259.33048512115874
260.0031456737045
-245.43550659852463
287.34709667173706
275.6400193058995
274.20830583118834
275.6068913268259
274.20830583119243
285.79466030590083
276.82777017008794
274.37340372480793
274.2083058311896
265.2778708747335
286.8358392322779
251.8187450021188
263.20730783205477
274.73670443182004
-212.71949065704618
285.10455010019473
287.34709667173536
276.32628611033044
275.6400193059133
278.11535780285254
269.1467172357028
273.18322909501745
275.6400193059126
286.0969592684133
274.37340372480656
286.7495726908823
285.86018542341486
274.36358167402824
274.93220588782646
-205.13009577196405
-212.74190430718494
280.62332339656
260.1223863884036
285.0373833201376
273.6790742013956
274.3734037248028
262.855602874203
274.2716061324897
-205.13009577196394
287.34709667173223
276.38429259707175
286.0261627766218
-213.00353980853436
287.6529132448701
285.3777072229623
272.0495695785789
285.3777072229638
286.8180442954415
285.377707222964
245.40314652200266
286.56705238460006
287.05923100628786
284.6619249940143
-215.32494124302386
287.145256441247
285.8372302242946
274.2083058311868
-217.53637978450206
287.65291324486986
269.1094045960055
-219.45470039978002
-213.04341820294792
249.44226178261198
-217.97155634585116
287.57557584031974
-224.95946775429198
287.34709667173496
-220.0423976696869
287.5797541992857
-201.86532911755995
287.3470966717351
285.32912798092707
274.3734037248032
285.6420622042446
274.25191391629005
-217.17191551718372
287.3470966717329
-242.0341794972951
-215.31948234348056
287.08505757770075
-203.5726003901461
287.3470966717366
269.8118598791848
-231.61720807086132
-212.6860132310043
286.92886617435954
273.9538288566845
275.01698381806864
-220.71621392282583
287.1783036448358
260.85441840752463
273.9538288566939
-213.49902624853505
-203.6510283056139
287.94614018998544
284.7951456112491
287.5702560402411
269.919202311475
286.00275086968173
275.3706570109022
285.61509894864906
286.90278948159374
256.65935715246667
286.94214022979094
287.1975985662893
287.1899919503912
287.5702560402375
287.19759856629236
287.1975985662925
-201.86532911755992
287.33748239246
287.6138419530191
279.9862133499
287.02822922213153
287.82371649263564
287.34709667173746
256.4954978751184
286.5687802281794
287.1975985662892
286.8715845519806
287.19759856629213
287.4436428420857
287.3058018831267
287.39446934845796
287.1975985662914
287.61384195301787
287.823716492635
287.1975985662898
287.5423438299307
-212.13997309384848
-213.91211636080035
287.33748239245324
287.19759856628895
287.1975985662918
287.1975985662914
287.0161454723493
287.68284382245844
288.06499435707667
287.46231951498856
288.06499435708065
-213.16561322269843
287.3470966717308
-209.10796538554393
288.1841360172697
285.36112906499864
-209.06749940310567
287.8490452172577
-213.79818558306806
288.18413601727417
286.65747494742413
285.87393541361587
285.46718071087673
285.83808209178716
286.0153389592079
285.5375543101707
286.6953978558577
286.9652110317378
286.96521103173546
-213.73829028517537
286.70004852994805
-213.43912539896453
287.3470966717291
286.9652110317434
-203.57260039014537
286.55356474225084
286.36900696254327
-213.38153197909077
287.1957996800264
-205.13009577196303
287.3470966717295
286.9652110317397
286.9652110317388
285.46718071087446
287.2875596187278
287.2875596187239
287.5089111421305
286.74957269088407
286.74957269087975
286.7495726908817
285.817949315983
287.19759856628735
286.749572690883
266.3545345905869
284.6761441336178
274.37340372478855
284.67614413362156
-218.54114080670107
287.9461401899806
287.2249090762977
286.74957269088196
284.6761441336134
-203.57260039014622
275.6784522645319
-214.0841068273942
-203.567300817023
285.6244977418589
-201.86532911755992
287.94614018998107
287.3426297618526
275.13894354102786
284.20967569215543
-214.08784080333456
287.6664769530958
286.85550996056696
286.21776644477103
285.6845827280688
285.68458272806964
-215.39292685420392
287.34709667172854
285.49494683606065
287.21462148440827
287.41688622168044
250.91321777669827
284.6750587569801
285.33540633171276
286.2248700194124
286.76084951458284
265.24222249622824
284.67505875697213
287.68284382245866
287.1969133287119
285.33540633171424
-212.93096136285916
287.6529132448659
-205.13009577196337
287.347096671732
-212.9956758819327
287.73562235904797
-212.68601323100862
287.34709667172854
285.4794377463806
285.87011617758714
285.33540633171333
286.7495726908792
284.6750587569771
286.7495726908803
283.07874110462853
284.86255602385864
285.0317616767066
-203.57260039014602
287.3470966717303
284.6750587569806
287.7710207529393
-205.10775104975627
285.5179777258409
287.3288902424927
287.73337696633587
276.83264937209947
256.57981245205264
-214.28218054734654
287.6664769530961
285.2682532428937
264.9128392918093
266.9576374076503
287.30580188311876
284.70518839491245
-206.38759594980675
286.35636782164966
-201.86532911755955
286.93896399959027
284.8439989296812
285.0038038613692
286.49277515173134
286.74957269088327
286.74957269088236
-214.64661073615366
287.347096671727
286.7495726908807
-214.77148799259945
287.3470966717253
286.99263568213564
286.71623319825903
286.61440653970806
285.3308990886414
287.5211983307907
287.74854879227587
-222.9172102519691
287.3470966717306
285.40319675023096
287.7260947871639
287.1147637448169
286.96521103173563
-215.15764766642522
287.75026423253007
284.8624959725373
285.33540633171083
285.4447659778669
-205.13009577196325
285.3501509865454
286.9652110317347
-205.13009577196289
287.8043311604301
287.3470966717264
268.6195454948171
287.06909334786405
286.9196472297515
-206.55729839735565
287.72276067885184
287.11003781122
287.11003781122156
285.44916459299753
286.65325397352916
-212.58047419361114
273.8115326859678
-201.86532911755955
287.2693860861812
286.8683445070489
287.34709667172734
287.41952580639645
287.66915443373125
287.44364284207813
269.0457055442389
287.7782481114353
287.5800157705942
287.5702456409722
287.19759856628843
-212.9763712076356
286.37805140852964
287.900966647427
-213.16561322270098
287.26938608618093
-212.28674605771397
-203.56730081702312
287.26938608618104
270.933249412844
287.2413327630041
287.0438999388634
287.4436428420803
287.1975985662871
-212.9849565154202
287.9009666474229
287.54234382992854
286.8683445070463
287.34709667172274
286.2306464697384
-212.97637120763773
286.42718115525093
287.19759856628707
287.1975985662868
286.9389639995905
-203.65102830561403
286.8072339728006
-211.25974153403544
273.5996353783228
285.4577760293816
285.36112906498465
287.58003402300625
287.63821697313847
287.63821697314165
287.52930435368114
288.0649943570749
287.57025604023596
-214.638870935014
287.79378624029624
287.6382169731416
287.6794915516451
287.6126162354115
273.2792796908209
287.63821697314137
-212.7025227429921
287.90096664742174
287.54234382992615
287.90096664742157
287.72588425291696
287.61261623540935
287.55677408745373
287.5702560402333
287.5702560402352
287.57025604023244
287.26708179255695
286.80534517065337
286.3265668821079
287.5155137331682
287.57025604023266
287.570256040233
287.61384195301076
288.0649943570759
-211.60121301594566
287.77893206791293
287.90096664742174
287.3944693484534
-212.2427103999595
287.1154746629123
262.8470770384612
287.5423438299258
287.9009666474216
-212.5497108329438
287.38470182161353
-218.52756034088608
287.1745873595966
287.9009666474217
287.5423438299276
287.3470966717231
-214.93877415811545
287.7416926601838
286.73388223601785
286.73485706467585
284.9467718905429
-212.87940950750055
287.4196353774778
-214.9780522933787
287.6139361759672
284.9467718905453
-217.1342609676185
288.14013191100804
286.7338822360154
287.4196353774786
287.70124298836
286.9995995701703
271.26867060332853
286.9995995701684
284.51431615914
286.6941641165927
286.55201364615016
287.18331585126333
-217.13426096761307
286.99299788212545
-215.84616128570298
287.3470966717223
285.41603560638384
287.41963537747387
-203.5673008170235
287.34709667172314
284.6619249939994
287.41963537747245
287.59500912755357
-214.8870564515231
287.3470966717224
284.6619249940037
287.55611159724657
286.9908256513751
287.50332579400845
287.55611159724873
277.5134107888608
285.4637411090943
284.6619249939969
271.68519787495006
-205.13009577196314
287.34709667172507
287.297722144748
284.66192499399796
286.8200396024228
287.34709667172314
265.09958263005177
287.2086071981765
269.6363643516487
287.261297495293
-217.00010950618488
287.76994361927507
-215.3822955562056
287.9461401899756
287.4196353774716
287.41963537747256
-214.93877415811602
-212.4428840632241
287.34709667172325
286.73388223601665
287.3617528165239
286.99959957017387
287.4196353774757
-213.2296487474746
287.34709667172166
284.8625560238538
-212.6324378037786
286.9114179674716
-203.6510283056141
287.3470966717242
287.1919715397686
284.16053327154543
284.1962257264328
-215.38229555621118
287.7699436192749
287.41963537747307
287.06194889280914
286.08209891492953
-215.3822955562087
286.88208730814347
284.8625560238438
287.2146214844099
-205.13009577196223
287.3470966717176
-207.57701067917446
286.7945478194551
-214.17479940196696
288.1595469235798
287.5189519287508
-201.8653291175594
-212.6313560707153
-213.29164026368116
287.3470966717232
286.7338822360186
287.62251318316896
287.34709667172103
287.2348722047688
-201.86532911755927
287.66647695308495
-215.39278044933613
-213.21820443213
287.66647695308967
284.89236262997406
286.739336589408
-212.10418183271432
287.66647695308404
-215.27126287804106
287.7012429883585
284.86255602384267
287.52930435368097
284.86313871822296
286.96521103173643
284.86255602384733
284.54006284011484
286.99082565137786
284.8625560238446
286.99959957017194
287.4196353774721
287.13538697321934
287.4196353774694
287.41963537747256
-203.56730081702287
287.34709667172143
287.41963537747375
-203.65102830561423
-213.29164026368355
-212.3759509830205
287.34709667171956
286.91876854336346
-213.27366667182702
287.301648196935
-214.64661073616077
287.34709667171984
-212.50914450191328
287.6664769530851
-203.56730081702364
287.34709667171967
267.86095478158984
280.09549906744417
287.19197153976745
286.96521103173075
287.28382463946326
287.62251318317027
284.8625560238429
-203.57260039014534
-213.04341820297412
287.1888373051038
-203.5726003901454
287.66647695308137
287.70124298836004
-201.8653291175596
284.0238637227415
285.4444059449289
286.9132090731385
287.7012429883528
287.1641213287155
286.7962374092434
287.7969396680805
-212.70252274300432
287.66647695308137
287.41963537746443
287.7627981426985
287.41963537747006
287.3884394325578
287.70394542510184
287.4196353774675
285.44440594492664
-201.8653291175593
287.34709667171654
285.61178180713614
288.02748131056643
285.4160356063803
287.0619488928098
287.710933917342
288.02748131056666
287.5089111421228
285.69532801416165
285.41603560637293
287.62251318316675
285.44440594492505
287.41963537747
286.5900477425381
287.70124298835617
-203.6510283056141
287.90096664741696
286.98255592056046
287.38727592798045
286.9479103238371
286.9908256513711
287.41963537747097
287.34709667171836
284.19622572642845
287.9645442463722
286.7338822360116
284.1795178489439
287.34709667171666
286.7338822360121
-210.22593487181737
287.2373634837411
-214.17334169743492
287.6664769530791
287.5293043536734
285.00627250497155
285.6874551904223
285.68745519042176
-212.67268432004892
287.9461401899694
-212.42271172099197
-212.4227117209907
287.9461401899672
-212.4227117209894
287.6664769530792
-212.42271172099146
-212.68601323102354
287.6664769530799
286.9995995701695
-212.70252274300321
287.347096671713
-215.38229555620643
287.23487220477125
286.9995995701683
286.6006373051479
275.9128437117289
286.94534332798776
-201.86532911755913
286.3701942994862
-207.84111982339073
-213.14412111522643
-203.56730081702318
-213.41312341716304
286.88208730813176
-214.17334169743268
287.87608107743114
284.27619598989384
-203.57260039014554
286.8820873081329
-210.22593487181823
286.91155295278935
-214.9627598173271
-214.15392350832258
287.72609478714685
-209.06749940310942
287.3470966717178
287.04753053703934
285.41603560638276
287.34709667171785
-215.3822955562101
287.36175281651913
287.2235882667331
286.9995995701679
285.68745519042375
285.6874551904308
285.6874551904228
285.68745519042517
285.68745519042386
285.7143607486214
285.5465460846617
-212.5614334038795
287.61393617595365
-214.93877415811752
286.8185471309106
-214.93877415811772
285.1059017213838
-214.9387741581181
287.6664769530771
-203.57260039014565
287.579754199256
-214.9144338733298
287.59950342363067
285.00275474843806
-214.36709307795115
287.666476953079
287.1919715397602
286.7951330007812
285.4219974500699
284.86255602384114
286.7338822360102
-214.88045977506448
269.8602257150546
-214.36709307794965
287.47427943025684
284.5769774134511
273.0587086856117
287.5423438299173
287.3470966717136
286.99086714588407
285.57198754927754
-205.130095771963
287.3470966717136
288.02748131056086
287.19691332870616
284.8923626299566
284.8923626299577
284.86255602383034
-215.67248424209112
288.18413601724467
286.60919428949194
-214.17334169743003
287.666476953078
285.006272504968
288.06166538152934
285.00627250497405
284.684959852239
285.3611290649768
284.98743280332053
284.6815608061951
287.1735004434694
285.695833771525
-203.57260039014537
-213.04341820299342
287.5521970447836
285.5186918874066
284.89236262996286
285.5186918874078
285.51869188740676
284.53350031706805
285.51869188741045
285.51869188741176
285.05347601844943
287.98095783669874
287.3165239233571
-213.4255658865398
287.3470966717139
284.91554508869496
286.99308701190756
285.44440594491857
284.9874328033236
-201.86532911755916
287.3470966717159
285.44440594492806
287.34709667171035
285.0062725049701
285.4444059449245
285.51869188741165
-203.56730081702275
287.3470966717118
-203.57260039014528
286.9453433279846
285.444405944922
285.4444059449246
287.07243938793835
-201.86532911755936
287.61627882900535
284.89942475392724
283.8572429385853
284.9467718905313
-218.9614589157558
-211.19803825871477
287.6664769530757
285.0062725049695
-215.2225734872225
287.6664769530751
285.5186918874039
285.3981538318144
285.3981538318159
-209.06749940311107
288.1401319109935
-214.56405508562392
287.66647695307836
285.5186918874089
285.51869188740835
287.0350212641471
285.3981538318196
287.22358826673485
285.5186918874062
